2205,21086,49062,44883,27475,10483,20683,483,51732,17944,42043,5945,33609,20001,59968,1354,35437,35484,25918,15407,48752,41753,670,20114,26821,42109,21070,10558,5645,1560,30308,27217,5346,40870,42785,53189,9839,44866,55925,54342,3051,43383,38255,53655,14205,29436,13253,19879,35323,7989,17715,21560,16521,1758,26879,370,36172,23216,50030,8023,32783,46965,2987,57204,31255,3858,57408,35194,26592,38356,9184,15855,3867,23117,42970,12465,53244,34133,47725,37129,3937,6197,57931,32583,41348,10005,56205,24857,59233,37930,46435,648,5180,29274,59861,38963,42042,42486,53688,42499,5351,22381,32950,43024,34829,55286,42670,30659,55692,32859,12865,37577,48102,30125,47731,29679,28695,2602,3800,55474,25657,38996,52498,23237,50528,13256,18526,6857,3291,41928,29374,57291,8516,3587,18461,39882,56428,26828,1622,23078,7953,58871,12988,40319,685,23988,49982,2344,25939,40011,13609,17993,13699,42605,19813,42628,10818,57496,51168,7434,25538,45433,37116,55992,46670,49202,14141,36089,14017,30500,42617,9272,33447,33625,255,37090,54980,873,3001,31451,48468,46360,27116,20323,41899,44599,30719,16899,5537,25798,37783,7503,29736,35452,51814,57451,51219,43802,12675,20905,56910,12762,1276,31456,42352,11456,35223,12108,10916,17815,34174,251,55870,55985,56869,50014,3233,30189,30793,51217,36034,52001,5356,3845,12746,1462,46578,48639,17973,8578,10695,38543,30310,51284,13744,43672,41666,14041,3842,51404,34799,25345,264,988,55518,784,26338,41124,41495,17264,10370,52128,33006,6537,16361,15642,6176,53785,32030,1439,14114,16765,28688,38886,32308,45852,41545,21578,56888,25496,27174,1478,2423,41023,1125,15779,56670,23896,39227,2395,44683,15356,6384,50294,49051,58749,20150,39814,15390,55424,11843,7840,33105,20268,20494,12917,41835,18696,55342,10207,23034,38826,55526,40232,12873,26948,29340,58498,52346,28361,23100,9815,17009,52253,10846,43460,43274,10924,12748,59302,41065,42229,3136,8724,28935,10268,36319,44160,10584,24601,5303,58911,16310,35723,33499,33147,15190,50849,43168,4727,47018,48385,23019,6302,25493,19570,4410,36014,32996,56627,19399,8314,31572,47413,21533,36767,3476,13091,56711,14105,43502,36181,52791,17897,49311,43261,41740,44621,2347,52765,52207,23344,56019,47910,50538,32450,5685,44465,24734,14023,35547,37918,43069,4828,4697,27245,6916,17266,25720,21673,47976,3003,50194,52557,37419,35091,10246,11597,5389,52071,25868,53735,34830,18632,10979,8220,9152,16337,33715,33702,27474,26139,1750,23247,16589,19971,54014,43955,54460,32594,10779,46936,56903,3892,25836,18716,35655,41212,43414,10300,10630,10232,11750,47383,19858,26808,46440,31135,16023,30462,32206,36547,47737,12095,606,7302,16593,43624,35179,8893,40457,48777,57131,15012,52804,56983,54772,49339,25298,1144,54181,15596,38945,4508,21800,23757,5833,23710,49050,20054,39663,49447,24668,12302,53225,1166,34712,15040,13028,44566,52847,9429,34000,10751,30468,27236,13779,32395,34271,3503,19293,21919,56778,19802,23729,59230,43879,46634,15518,44644,43540,36156,21292,32734,17706,45377,6233,37125,49466,10233,34025,24409,24070,9887,29915,56912,30889,23285,28559,55482,26601,6901,54077,25408,13813,3569,8217,38167,1654,9408,40838,29650,31313,45478,43770,27939,48738,54770,39778,47828,16931,54078,12691,17587,56976,47337,47317,8211,55766,16656,33120,52127,9623,4934,43053,31523,34485,26088,35629,48521,39393,21613,10536,19360,28779,37624,34697,47060,37958,38269,24372,3595,2783,49824,48714,36288,40042,774,17079,28249,40946,16731,35873,24300,53172,45244,38723,14056,6469,47879,9755,20375,8684,7164,52997,48277,1222,1460,41021,5936,8144,58763,4480,16723,13440,7382,28090,8995,55608,15189,49379,5269,38093,37744,12296,29323,14038,10881,17312,1329,31964,30441,51832,28295,43640,2956,42639,1617,45341,14555,50943,58733,48689,45956,12073,22062,51704,15780,6781,21796,29674,32219,13673,16053,9647,28065,33154,29448,34736,44131,57650,36879,39150,7757,58340,57603,9499,52883,26417,20541,43323,8428,34378,16334,31002,2708,219,26677,26815,44154,35865,46849,20313,40352,27626,56554,46348,11415,45254,41617,41702,38812,56796,15066,5457,882,56466,50945,36435,5869,50547,11263,58560,51567,53867,50867,23440,53596,17878,17737,58641,24939,38358,17159,20246,21446,14497,31850,12826,23699,12212,22679,27770,17794,48790,55306,44721,27353,36461,43324,28325,19338,53889,31323,48787,14439,35818,1244,25136,49542,6975,27725,38999,17804,54503,46387,3237,40306,56165,53404,59793,56614,29201,280,59849,24804,23982,26402,37557,44111,58422,57056,12648,14680,38868,2503,52950,36425,37704,56772,1799,11817,49192,52998,10323,12510,28878,51112,7087,12858,1045,24456,47200,26362,36093,31960,59806,11528,492,53028,6494,38785,46130,20496,9950,40993,26046,22144,34490,58602,17953,38056,6749,48317,59642,50530,33803,48119,17176,40962,343,40235,45794,41486,13225,42778,4630,8087,44747,14707,17441,22393,31299,22182,34946,54080,28093,54252,57897,38126,58677,58870,57800,13439,54744,41382,38172,48279,17175,30198,32022,46245,30075,57429,1365,26273,35903,30593,29496,3878,28714,622,8563,50190,46509,43961,7264,42075,21938,1394,12660,58362,45143,22824,45659,6706,55837,8359,48454,34208,46808,56328,30351,40859,28931,26892,18533,14375,9945,22215,44248,30710,6146,3926,4485,20466,2962,47821,10270,4378,3593,2573,36077,48029,24474,55757,57998,4686,19702,46307,46979,56780,51015,4731,28153,6073,52707,26265,4805,15913,45717,34168,26868,19138,11468,35688,48773,3533,35416,39660,28136,9134,32743,46918,55216,27514,16697,37636,39503,29647,6180,17630,43766,57452,8899,36225,30538,14372,29158,37366,7697,53238,6109,54574,59520,25164,38061,40615,17286,8310,32636,40800,40410,3,33155,48799,48455,48140,37388,7737,36437,5459,46060,58818,17690,1877,44234,7064,15467,44888,15942,32946,59888,26456,25857,41834,22806,46568,59320,37440,43986,11403,1945,6971,15717,49333,9629,2332,52916,54740,29748,54002,15622,34251,225,12633,55787,32048,9633,44097,55814,6015,42934,29883,13797,29160,8751,35219,29975,41829,5271,52286,14344,51372,40368,30867,8294,27956,27430,2439,43334,54978,44061,20544,41883,54766,10590,47181,21570,55359,26720,23522,7635,24973,45752,29179,19822,24238,43635,30882,42579,46139,32677,2592,4090,48046,29586,40761,40334,5893,55151,49246,11522,56809,51641,8474,51305,20862,50462,52913,39945,19354,27029,29785,36972,49072,15484,58830,59873,36551,12248,14706,52487,34900,44427,19949,31469,24084,34842,35992,7847,9622,40596,36448,8212,44308,23359,52310,46238,4890,16139,29571,56315,30450,26351,13950,4916,21085,40382,35908,5185,41079,35516,6106,42534,55446,44048,41321,21270,59085,23446,38062,36241,41055,18142,27654,17495,30159,13082,30286,4309,24515,34114,14722,9248,20142,12704,40841,14323,34398,45124,29154,57773,59346,4920,6120,38031,13795,40254,27364,31108,21950,38345,27963,12526,48647,37034,26350,25841,45276,9033,46766,17160,11503,56967,40758,11241,3893,22298,54793,31793,8009,37960,5109,54366,5914,40969,51752,43521,31540,29009,20674,32966,11968,8010,35094,50976,37914,5551,30187,28429,48539,56321,28177,3196,13156,31160,10698,43762,16280,15436,49697,15707,35883,26168,2524,45905,39623,47994,44941,53246,12713,19154,2787,28303,34499,5163,30311,43212,18486,29652,28263,1930,36491,25370,47391,57276,53792,44439,4429,4928,37011,57865,30386,3211,28485,59976,12872,50433,27499,25042,16823,2567,33130,43642,23449,57619,29981,53600,13753,57219,854,57837,24567,31741,10753,18483,22685,38715,43497,55826,15091,7491,46832,4608,14527,25935,944,4306,4103,45307,22267,2606,19991,24576,36811,40483,29677,20947,57221,31601,43505,12062,54768,12608,44185,17452,28947,44732,20663,7357,44042,9113,3944,6045,732,55412,37834,29192,24607,10827,55421,52029,55227,34123,36851,52285,14671,33686,10448,50293,11169,25044,38050,38227,7227,5189,48299,19507,4900,51093,3347,32634,39798,27895,2029,59060,48264,20240,57138,27674,6849,31963,8688,49957,4593,46724,2532,48561,35077,19596,19434,29540,18516,6019,9468,17964,26724,27100,9367,32515,39027,27715,58927,23498,45240,17129,25950,12255,11831,28193,33196,138,47007,28773,24488,44323,9170,34413,4788,1050,24235,48884,47751,40931,26866,10413,54643,28315,58514,28938,30513,22937,25049,15951,20695,54075,43359,42269,38851,45459,37724,56343,56134,9867,12501,5864,49906,27872,56671,52256,50649,23369,32062,42074,57080,29796,27019,54202,34222,53325,57809,59884,6572,17451,35813,3554,25277,30729,25122,11679,28358,48693,16955,9737,29145,22996,841,1984,31982,7562,10231,15406,58664,57577,45738,22186,47083,12193,30321,41193,32312,38231,40186,17003,50435,11548,32800,42906,32849,39931,24292,30122,33531,14267,34660,11908,34956,31235,24142,19421,53923,32014,4832,30170,2741,50956,51574,1224,5034,39267,30040,47536,27033,15117,58542,13222,58424,9898,18494,40735,23521,36532,43724,30051,16923,16060,16483,10161,40226,4135,33127,42984,2334,53029,6668,18675,54,4144,26451,34160,31934,30986,34122,1677,8783,34094,44924,49452,521,32097,20681,35529,29097,18411,2021,24547,35074,34357,2808,37222,10283,39440,22794,19175,29803,7541,59353,55335,4607,55671,40980,7051,32851,39000,6738,18798,6751,38517,40092,46402,1805,7617,57978,52866,42920,23839,12082,21670,38065,53562,19837,20113,39525,34806,42372,4595,43402,35582,43685,37952,51073,43572,24799,42547,27276,36141,24309,25486,15210,16179,30036,8109,37583,42100,37968,9048,5366,15679,27969,9200,12772,36604,6488,55643,54788,40864,25901,15736,36947,38887,37582,9699,45630,39928,13472,15689,17868,19526,10326,57867,19297,59652,7126,40402,30615,48073,20754,7488,43864,16195,4499,52085,27226,57693,38424,11,44134,54004,49607,54228,9068,180,7932,41562,37875,5952,41795,18840,58703,26439,54632,26693,45472,4503,45639,51798,36054,765,44773,275,28853,28897,5397,45728,50864,3084,3531,10841,268,6513,34337,25011,30776,50370,41237,8255,54379,24443,36059,13077,23093,7524,7662,23775,39975,57491,5439,30501,39796,24790,46704,18046,30836,44148,31556,38974,37820,20573,51826,27733,20602,39643,5468,10205,44279,42633,34194,9871,12172,11604,24492,55946,31450,48060,8285,29051,10284,10027,15300,43668,58122,3395,49205,56417,12416,13713,42306,19481,45807,28578,11627,36927,58935,28489,24728,41248,29112,47436,30790,46010,6202,18252,18080,37529,15018,21257,57406,14681,48560,7255,577,15273,4896,22789,6122,48361,31808,40471,16537,6545,21223,27399,44901,23952,46645,46606,57203,25870,42738,32443,45058,56932,59044,26596,19078,51150,33113,433,53271,49359,20600,51110,56836,23948,608,12658,59427,55428,27348,51274,15844,21227,51433,14125,46949,22845,14408,49901,11906,37784,53825,57579,48106,37565,20778,6823,4860,25684,51952,57389,50417,24963,14354,20711,50498,52836,31826,4213,36118,21021,5398,38274,2217,37205,9388,53510,8524,39522,56991,25575,23065,44906,35341,53177,8713,5290,15683,35995,43577,30981,34613,27999,39969,44815,25369,21700,10583,8933,33450,47866,40622,21992,24234,34081,10944,40794,43490,17135,4577,29269,56864,25087,56341,44024,22239,11287,44761,11802,35717,33824,37696,49999,46834,49136,25722,41885,7504,48888,43104,56494,27334,43590,55652,55627,27073,41718,45470,50809,3041,37310,53083,32987,31990,57673,31966,6732,59533,58658,9985,9763,57891,42005,14718,20799,35132,55132,28726,8521,32684,7676,159,48249,54971,59216,46278,12980,56132,34980,5797,46749,4982,42399,15628,22538,53846,40375,47988,33074,13749,4219,50453,54465,16288,47590,35806,54608,41754,3254,6929,53837,21500,21888,4160,16829,47778,24531,12745,51472,27787,35384,53730,30895,28807,8758,57936,42836,57717,12623,42864,51895,21047,41475,52960,58598,11076,37448,49913,59027,43400,29504,53614,45834,46466,50378,1712,17252,57192,5780,9718,52032,9780,50677,46863,5663,43133,23804,20825,51239,44076,12468,32213,58678,3873,32825,21040,47495,42396,15655,19735,39112,52501,8213,39953,42388,47248,21972,19092,37060,17025,35241,53330,28501,3451,4437,348,57505,52279,43952,23443,22718,33927,39943,22539,48755,4272,22933,54986,38426,22330,3963,5078,43907,25206,54245,52273,16629,979,9371,36760,23,36756,32360,25027,14783,18527,8666,35653,28673,15149,37486,41437,53538,50475,17261,59005,47822,53411,11934,34788,24117,5862,4158,23619,56445,56434,29709,55672,32244,43956,30671,13538,11111,59909,19789,28239,24387,50416,19368,10404,24863,37524,34083,30738,31646,41570,43894,34053,19975,1990,23665,43965,45625,52999,47089,19300,47137,21009,11314,2819,11731,52977,21448,21988,39692,4888,24257,14730,52760,59717,37970,6881,43321,44307,18432,48285,46407,14242,40091,23260,10305,3122,24501,37683,20623,38148,28798,33346,15714,27990,45694,26501,55276,3514,49485,34780,1606,29469,16749,12187,26186,46898,44280,7553,54664,27979,1871,47546,37536,26603,1427,41679,2746,8593,18602,24336,31050,40982,50632,3421,37528,49746,16618,32226,34478,15738,22283,55902,28995,35397,31976,25598,37107,13524,3644,21611,49265,18472,57884,57995,41742,47141,21536,8393,2802,45857,7372,35007,34922,49724,15604,55422,9472,52186,16033,12659,57546,38137,8264,45142,16294,50063,53912,45399,11501,18187,46225,4708,38079,28735,56226,41297,29591,39414,7399,47163,24398,23337,23023,53993,5773,55534,10706,34269,17871,7851,10736,3354,5446,36703,20738,2126,55551,9364,55820,31788,18604,26039,37963,30623,54941,27804,37454,5839,23309,12537,22644,57675,1551,51156,32044,17966,55189,9685,9978,8086,29057,7751,22010,41178,12309,14240,19575,46633,20287,26922,27309,25385,40577,13858,41793,47884,57674,47461,13970,42567,13730,16270,11046,53178,57014,8240,36826,36350,5331,20184,41632,16813,49865,22617,10462,39866,16746,45322,23141,58570,15968,19094,12703,13585,16915,58961,39795,2849,9882,24611,1082,53184,53043,20334,46544,49521,17368,18625,17319,40496,12686,32032,53582,52467,10317,2888,11811,48360,23355,25909,47451,6103,47933,37120,23862,24708,54265,19139,21524,42552,45830,42129,38379,27368,10684,40088,49002,47457,41929,13332,51018,24251,53140,43982,21056,26375,25170,10338,28287,40957,49093,33468,6177,10897,51820,36326,41636,25606,48591,4323,4586,23502,49453,54176,15132,8367,58611,31477,48325,45103,11368,43484,26639,45964,53236,13750,12028,59513,46997,5145,58294,33768,39103,28573,6682,31884,51600,53573,30909,28572,45000,30193,7588,29327,53932,28265,38667,11073,40882,20331,58092,1309,4970,19538,46058,31036,52165,44642,22201,19966,9207,19814,47449,33467,21019,32798,55080,23026,58887,5959,10078,26641,43911,4661,5216,20369,42051,15268,59014,10328,27213,44861,10991,23209,8309,36533,55433,28869,27307,6583,15395,52661,54250,14210,1041,34871,58781,29959,5546,9579,20676,36460,51748,34106,34680,59347,41460,4723,13040,43135,36954,25022,27318,33396,29509,25603,31613,54582,49572,38664,22746,47830,44206,28579,7698,39334,49776,18865,38678,55468,22596,18157,17088,3183,2424,28256,39315,13700,4915,1369,54896,16883,52848,59939,27128,19701,18523,43485,3849,57404,4799,54283,58050,1138,49989,7580,45400,16456,35507,53335,17413,37102,10407,32560,49855,10591,56753,53900,44627,43002,55033,39026,24478,51754,8483,16910,57692,37951,7430,32746,37312,38920,59907,49500,17674,20255,24778,24938,33437,7836,14246,35279,48708,33786,44233,24845,27492,57609,45110,7080,5781,13001,8394,4638,7048,9470,5534,48446,50081,53743,57165,59321,36467,10463,21948,59788,8683,59067,51486,39427,23154,4236,43297,6437,25505,51242,16886,37186,46923,36179,31522,8576,49996,6832,11119,8051,26618,2273,43203,21435,16962,24791,15600,29092,8068,4450,4606,45118,54993,34541,45188,6244,44891,6624,50764,51794,41190,39170,14670,41593,803,50634,53661,26424,46771,32888,58908,258,24828,8596,12731,10351,43676,12885,48403,52122,53535,4590,20059,23526,29587,1029,27967,20790,29060,47427,16185,39564,14282,8042,24268,12326,50625,51408,25759,2575,37550,44435,24254,30260,42575,33193,57047,43331,1092,23686,23459,4223,57864,58707,8216,17472,34073,46414,41149,58130,1445,52952,39631,48293,51614,11418,18231,43479,58883,28956,12494,46473,1980,7661,16106,42006,1483,59179,12151,57876,1208,15371,56725,25849,1438,58479,30202,19897,46940,38124,30524,38297,59424,25079,22481,20036,39677,9744,4357,36207,8458,11305,4222,40996,13397,10387,22203,56648,11555,37415,45769,54367,6048,10648,30288,31256,52972,3214,42705,44138,5868,21108,14664,44258,34719,16290,38157,59753,13902,40340,6362,56201,31925,49132,16244,21122,17310,48543,50322,34444,10858,26633,21381,22300,35841,44674,37525,58234,43794,6500,25693,3235,8732,6165,23986,59313,20643,45602,15470,27839,51741,42450,2172,15403,12153,34715,6539,12305,24303,47941,31156,59422,13729,57703,2918,37349,21198,30263,45445,11709,1742,52457,54931,37752,16119,8095,6262,42952,24464,16019,8082,47146,10756,9598,12584,21214,46722,48472,42684,35022,59034,12808,13000,4506,33372,27709,832,40938,33655,37578,40354,32217,36347,47086,58447,10690,53019,39595,35330,47066,6299,33195,4715,15566,45046,52400,31079,48023,7225,24767,11996,49812,54488,22407,30984,22264,25299,52090,3735,44092,22414,52902,2771,57042,56641,15231,47635,21250,49965,41491,11915,55793,22948,3100,27291,56538,4232,38035,42205,50969,3975,25355,9100,14400,31796,21849,9618,26421,21551,42528,49213,12081,13711,56088,54457,21619,55431,1765,27086,19941,48242,58494,59901,54745,16263,5133,3496,10901,9267,59180,26529,23597,57847,51281,3460,27777,46756,22228,24465,51086,16181,49969,18557,40738,10879,46358,35450,49152,43832,1751,23905,23310,38138,1417,26391,46244,24795,21390,22565,42679,53811,41001,9727,38704,39766,45577,40110,31822,39987,56752,17959,39705,21188,47773,42733,39673,41412,51178,48756,30900,49410,23345,36303,44652,49710,40625,19007,24499,22159,43613,50468,4951,7526,31885,15123,49369,42695,44351,6457,1242,16061,42945,27296,26658,38380,601,47675,38633,22664,49393,19873,22508,54954,57612,25143,48470,34210,21832,31712,32441,931,22915,7865,54859,49737,55765,15392,24866,5173,45012,10088,43975,39475,27134,58283,721,9851,10586,33652,35890,35474,52973,6548,9961,32122,57567,57437,17655,54196,24951,21051,31962,54032,43222,3255,56551,27424,41654,6838,32870,53512,16572,53789,22400,30694,16554,4629,45364,25639,28665,27308,58659,6387,9268,31452,37671,2502,10830,33818,13067,31172,1228,22278,8641,48078,5567,9901,12466,17547,42655,12075,20026,28196,58852,55026,13825,15564,19572,15466,44984,20871,59688,25501,11486,2853,30662,44542,32683,55559,21873,15770,19065,28681,27009,59708,912,43837,34416,18084,54271,24830,14749,46198,45709,59662,2107,30861,23488,30945,58205,21561,40283,18013,6361,7035,21736,28771,22582,51142,47575,15444,43980,52812,59094,31087,24298,24747,48680,18293,19860,37362,12374,30243,56520,59634,31591,18531,5588,12846,59042,28927,242,32382,17614,39753,21202,31640,21228,7125,27412,39930,6876,11531,869,53447,15949,29,55101,23769,46507,7583,24035,22945,1418,12583,44525,30342,24665,43167,34536,5650,29985,48482,39306,15763,18904,28257,51730,52650,3331,59272,35151,41598,18356,38576,46879,56876,22747,48806,47881,29386,4895,13480,39608,27862,37472,19234,54802,20755,19435,14184,10459,957,28173,12292,43589,6407,29813,33675,2415,50723,47258,17243,24361,17598,59756,23590,56252,44338,48234,23625,25516,7845,42867,43424,20140,52758,44540,12548,58966,30200,11419,10333,34618,22547,1079,6620,13619,37434,20188,53227,45492,36247,2458,37716,37700,15666,34848,38257,54474,44159,11292,35228,47511,44200,36297,35758,16783,57326,9873,26392,17538,40826,53425,49275,8709,48030,59686,8636,29891,751,54483,37144,3731,31149,45579,14903,9890,22363,24218,10750,48206,53683,51392,15492,21896,7970,44374,29833,12535,41436,14233,11886,21968,16313,5665,18185,40280,23679,42478,19562,52757,43508,29339,44912,56215,22861,28506,15899,25334,19884,13582,54560,59763,6659,26738,44726,51735,1386,31073,14736,47578,6958,4904,50067,7783,17896,10327,54205,18156,17657,36682,58628,44079,17602,25632,32276,4492,47443,19514,1910,8433,45045,49569,5432,13979,10261,46574,31615,55234,28600,19491,9221,15301,3523,42804,56511,42905,8542,47631,4578,14341,52942,10530,16907,33574,14985,30644,32824,24120,20027,29742,33329,32779,18300,3064,44291,47380,2777,47313,52975,8384,3156,16050,54586,26931,6580,43533,59792,11551,47841,44513,1807,8270,12282,38940,29673,9047,59029,47786,2017,21133,19142,13861,47329,46163,59213,50531,33314,55829,57842,56553,3540,52422,30221,53138,28131,41587,8863,2765,14631,2734,25862,40326,19582,14057,38630,37799,26348,25169,28301,59151,19408,24360,23301,4128,745,18236,53605,32325,28629,19851,42595,35209,30897,57239,7917,837,53584,20198,21965,35497,28409,34080,52994,18983,12441,34092,51106,5925,33157,54670,39097,38246,17035,32164,37682,19635,45311,4412,34066,19213,55176,48373,54408,6390,21824,44687,17785,19863,56408,28267,27550,50313,45737,11812,986,35320,14576,21542,27932,37130,58888,20530,11078,37431,55897,32419,24375,58832,49585,49613,8855,8127,3766,33311,40593,45057,49896,50875,33084,13718,44604,7587,54874,6429,22247,44976,23091,13414,5708,33139,26780,38090,5573,7404,43319,57656,26531,53142,23029,3399,20047,7436,20092,9453,20053,15270,40923,47067,59400,28781,17094,46533,27903,31197,47648,29008,39574,43860,20722,48830,20936,49981,37787,4770,38986,21102,17340,33362,50638,51084,51369,13978,31250,44472,3080,55664,7112,52806,31453,39843,38929,54567,41253,54431,2736,28189,59389,14996,42226,17970,579,30216,43357,21689,2176,54326,53722,51468,37245,28474,59557,57651,42721,41656,1384,36963,10084,34218,40149,15267,50116,56907,15340,6966,35366,51943,57052,13613,23431,58507,14745,22024,2660,17671,10971,29163,49698,38218,43686,2814,51964,21149,25365,3656,13945,24588,55675,58026,57635,44569,32257,56243,6400,10767,12901,59831,57498,18751,14333,21795,24589,3401,29257,38536,6941,48098,31309,17349,43450,58714,9241,15617,55060,23863,48949,45149,4151,14301,22089,48924,46468,36869,21908,55019,50776,35268,59803,6903,46631,43694,17442,31484,19272,17424,20020,16667,3033,43966,26659,49803,57549,11376,21682,43604,37754,25158,26085,10658,1482,55049,52243,17975,57509,27054,25183,30313,42493,3384,49292,1611,40868,14366,42333,38073,51958,28086,3296,16822,57296,21991,28335,25001,24803,16499,44774,847,54282,42451,22497,43517,45704,59566,37442,28836,1152,51727,23925,33561,3492,47987,13265,50832,54919,38465,497,26544,52495,49138,50297,7004,23851,13278,23639,491,28025,42010,11142,27058,15237,31031,46821,31927,25752,3986,56279,20698,25452,29423,45876,37121,18597,12560,59949,24917,16303,3748,12060,20050,1448,1613,17874,5709,51272,11704,34078,32494,32021,50072,35633,28608,6017,54942,58745,29808,11397,30320,38641,13315,11425,31288,22872,27234,59720,29671,30156,4319,47861,5556,8415,42245,8847,106,56170,41717,59690,57366,13144,3863,56961,27780,5515,776,36150,12340,21724,34748,22790,15687,35504,704,20885,27784,36514,33092,8609,17196,23193,5394,50252,32852,8696,43958,37990,37184,34414,17422,32811,45933,41957,16476,8865,38670,44701,39314,31143,57487,13780,50787,33968,41169,36431,31054,37484,20929,11640,26084,36820,15767,19877,14149,26858,34629,41708,32586,47825,51791,38693,30705,29371,5342,50122,8079,28234,37736,58916,38034,30869,56532,21882,43177,45245,14698,29835,47589,1094,1638,2113,32755,8988,54246,45994,47562,29845,4694,6010,55115,58723,9430,22725,41039,14644,45849,58396,20434,43071,55035,24284,58701,15634,1481,45347,32675,49595,41748,5381,49879,16759,2353,1165,1900,58338,31394,40785,9459,14155,25450,36492,26135,5783,26435,11147,36313,51301,48567,52293,48644,36253,14674,16291,10515,16125,24166,14810,46248,5175,17619,48781,50486,23609,1749,15851,40078,1847,45266,41274,1172,20618,45032,51967,50059,12177,6909,8937,46123,46618,29289,38549,45161,12222,33384,8753,32050,51032,4195,10435,8029,24148,34267,35237,18183,28372,26740,40651,3067,32810,23028,30625,44125,38564,2795,40613,29380,41911,36327,54856,9265,9340,59553,45916,22638,43416,11586,14239,59905,54533,13634,21452,16844,17248,30362,465,43318,28595,40851,50603,22923,1941,55804,44597,52163,23997,5553,49684,34754,29982,30422,40163,57790,5909,44670,54508,45553,26405,59139,7499,8846,35702,39362,42979,24635,51483,18100,18946,10077,57811,26426,6090,42212,57604,17363,22077,16669,28867,22104,37954,37467,8504,8780,10597,49197,2786,1323,3674,52117,45374,51453,45918,58074,11387,37173,57895,47958,44793,36441,21236,23966,53459,43728,54695,10341,19159,43662,54182,5671,18179,44568,30576,49608,50075,37146,7346,22927,52583,33418,7276,20164,7888,10059,13559,51714,10195,39305,44887,57180,6199,6784,6169,56922,34492,58075,36398,39304,35762,19736,50015,24294,48387,24124,16603,46697,59392,40520,45401,43175,10843,424,37618,20527,16857,21772,41085,9029,12708,46445,6065,59058,13235,34,52677,26622,56657,20906,3317,57618,22775,56262,25557,43697,7835,59983,18305,33953,16153,698,25519,1584,16198,8333,2614,12810,12424,42246,15168,20536,40688,18078,23835,663,14523,48557,11999,30230,58198,30925,11113,19951,50427,59291,55407,21472,12779,33627,55065,47964,34188,32740,6685,15364,4446,48630,4475,1137,22607,55784,2685,42228,32509,7972,29544,31935,28586,9060,53354,32967,31596,21344,41761,7920,5887,21995,57716,34666,56916,35799,27617,4417,41732,53543,38651,30455,58125,30540,36655,29471,37003,34486,59853,11574,7037,58374,40358,21734,29947,44112,5236,24617,31093,12412,3164,12905,8408,58249,48503,52417,26206,13317,3898,12330,33357,6296,31961,24228,5302,42098,49478,19519,19531,2299,18740,52842,4404,7484,26624,20498,9592,51835,11792,5021,19149,42536,50292,11742,31717,27170,52873,38408,54494,15960,9045,14811,48297,36114,59855,36433,28841,54833,31375,2953,57309,17541,18713,36772,16542,47098,27751,917,4039,49011,45129,22040,30594,14058,5328,17803,14290,23858,9302,19334,55955,11489,40779,27090,19554,5533,51920,44128,54058,19617,32970,18110,54257,23861,21799,3718,17462,16182,45317,25663,4725,20760,11989,14167,34507,43861,1686,28004,49834,57550,5361,49793,37647,33135,25631,16999,48126,19151,16828,50665,49283,18508,48914,47348,39311,54171,6094,46921,34060,41709,53710,3570,9190,4923,35451,17814,22909,4020,6794,33870,30566,44161,5633,15050,36248,3810,31875,52794,49451,6906,9646,32750,2184,8740,40967,43601,20197,56821,30185,24609,40551,14512,39252,93,2649,12276,32374,24341,17816,59747,51945,46464,56002,47912,7755,39605,5499,10389,17640,49959,27198,58128,26672,52069,48923,811,40718,7364,9813,25379,8830,17937,45569,20250,2595,17346,46907,46374,36907,9083,13249,34862,7911,7577,9395,15062,31629,50800,38910,27398,49154,55066,34321,22111,50784,45620,15549,13240,45636,13294,32656,38798,17782,26974,8909,27381,56578,53833,17140,7429,37445,22453,6028,10688,4820,50645,4772,47096,5032,19167,36204,14229,21695,20128,47255,25705,6841,27231,21482,8154,16372,7377,13565,7341,137,14554,25992,38267,24065,49898,23650,28533,35488,49473,58557,57073,29501,15086,35996,7384,48785,9671,9531,40908,42638,38254,10955,2779,48673,57940,13232,28442,8448,41259,13690,33404,48149,21512,28674,8438,55453,21740,6133,33478,57887,48259,41423,52709,2337,25944,54599,2195,43557,11932,9097,22406,7818,18448,52947,53503,19257,26628,18947,6305,45072,15591,918,33679,45940,19773,28031,3847,3020,9884,9927,41254,20942,45983,19379,14928,9876,53248,27463,53684,56895,43256,7334,5061,38262,11714,174,43619,34982,17212,23575,24584,57854,50444,12215,39841,26266,21476,48840,20398,24920,45405,18989,21921,2407,44845,57719,45360,41204,25478,7959,1648,33364,13708,1501,51601,44799,6215,22837,58135,44018,34392,8973,28495,57208,9720,27825,53401,37535,12983,44137,57267,10247,8193,9407,12668,25454,34630,39078,52370,26093,30562,44844,29205,4265,55208,57775,29048,18368,45641,163,15165,25534,53429,1494,41443,938,3925,40384,37261,44164,49241,27395,54347,19937,48205,35997,25596,13413,2731,48646,4313,59988,54362,47219,49296,2667,37279,53612,21580,5917,447,11070,38992,29326,26841,49161,51953,6699,26142,26133,39502,52944,14454,27641,8619,36202,32919,20045,16071,42796,57542,57399,42918,27523,23892,4325,37407,22209,35821,48118,39906,10677,51499,8017,32487,8803,5582,18441,25383,39954,53409,3668,41075,37338,25071,42112,50383,46667,32229,4253,25832,35900,25431,42342,18345,36072,29590,15452,20359,10479,34621,44290,56898,10734,31303,1943,58431,30004,23692,418,32259,51353,33185,10294,31364,1147,28680,12738,12124,40461,39142,52596,47651,34324,28971,53048,41605,31177,36345,26839,54217,39982,53266,36155,36360,53740,57190,48191,26014,43121,4794,26884,10237,45348,25874,45595,32558,38327,45593,6075,41723,19708,45444,54894,9550,51009,29295,41230,4280,54708,16281,29465,22608,48642,34381,15480,44445,41971,50989,18346,13163,14542,18118,28092,14298,48595,33697,4714,40379,51213,33931,44598,30772,52184,35927,51993,53879,4347,29741,534,13598,53150,453,34568,29855,57881,43946,49972,3443,27074,58170,51176,12234,27974,52270,38370,2320,25356,34159,31412,48778,47634,18048,25761,6491,40734,53287,38836,2523,26861,35433,54387,33873,21609,56216,54290,26032,4409,42998,10534,25941,35644,53308,6949,16242,30366,35592,20205,55709,49730,29522,32736,7807,39914,17338,13709,20540,3125,38659,789,21048,7490,43095,45415,49695,35069,37152,54982,35100,52839,49629,3026,4104,26122,50086,18203,40695,11698,42360,7309,16498,33301,4974,3990,42091,36012,33002,35620,38722,27954,467,46644,30019,15990,42928,50805,28661,56316,21396,36671,547,22016,38750,9915,19018,28052,34766,30891,24175,58489,7280,2237,34268,4356,46796,43218,7837,33637,21766,36480,45069,22458,58913,49024,55224,11784,51664,56306,45725,34919,48918,28105,51306,26675,23875,7137,13208,4324,50866,50680,44607,20453,56860,44672,22501,29840,46205,390,43580,13562,766,8565,35096,6702,50285,16272,54887,52599,15796,39905,7712,32319,32814,53873,52700,57206,13355,34476,37254,35287,2794,55872,51307,16014,14684,3607,53659,57320,4026,15160,6442,9352,43250,2258,9292,52094,15723,40362,18201,58299,25507,73,15567,20668,5522,54634,35172,21602,69,32573,38862,4076,3562,747,48770,863,22817,10267,31040,27112,54305,31366,54831,48439,30030,19542,33957,8244,3059,57115,18174,54102,18550,3881,44949,59057,34467,44733,45153,12360,1700,15507,5704,13348,12533,35976,37710,57946,25518,14467,12444,6284,29101,30807,31518,45907,17040,29518,22657,47023,51879,35945,43343,35068,39514,51385,27873,38923,39229,15560,14657,43138,46458,56526,5638,27160,5349,8491,20773,19122,36462,43164,35304,23057,30645,34737,39448,48194,18301,22347,40405,42868,6385,28349,36513,10670,43126,21287,30087,33344,21865,17378,17308,31363,6565,19607,12450,22921,18653,4420,41409,14765,22424,25711,14712,20866,22328,23366,52464,29197,5421,11515,41559,8381,52634,13972,32119,48129,3116,19326,38194,43625,15614,6161,19206,3918,34007,38725,15016,3737,40941,57663,9175,48270,28375,3827,25253,17854,46302,56719,36208,4419,58213,29734,33175,55283,22602,23921,57241,33845,20581,21978,9906,1278,11214,13885,55957,22863,46451,29594,51266,23749,5937,26709,32853,9058,32565,48357,37757,662,47521,27410,23895,56057,38640,10393,8126,52281,18763,2727,54798,34503,9975,47446,10164,27795,25125,53336,42944,34858,5748,7753,37653,52413,8834,6763,56629,30312,13906,28903,50804,52251,3047,44388,29270,41576,32387,33666,44331,43176,22562,12982,58822,46023,41344,25937,50470,29585,43868,13475,5375,43082,6234,34375,28352,16620,33427,705,55315,24273,19799,49814,49692,16396,42949,37192,38913,11674,5270,50299,37884,42271,18849,34688,40345,3311,59731,34146,30021,10080,48421,20944,53627,7673,14691,34020,54614,543,59575,13965,6251,37888,33038,34583,54422,39074,2728,43855,37605,7293,29978,29554,8652,6908,1345,20967,31831,24585,45200,39936,13747,25194,42861,31499,21397,20772,21391,4870,22891,20354,4184,18153,59071,14091,34663,56785,40562,25234,55430,10874,13234,6493,55970,59263,22782,33508,20353,21819,11245,45654,58215,54295,38230,42658,28988,8462,12673,10746,17689,34998,34690,9274,42647,42982,26190,33969,16838,6104,56295,43882,23208,39581,41767,41965,39787,12914,16156,56856,49727,6253,8427,23080,17004,22397,1882,15071,35519,37220,49389,35642,58,47554,12052,23931,59663,52176,26492,23787,50060,58958,52019,42549,2220,20520,45950,40654,45996,45653,22717,52389,49995,15203,20578,36555,39612,2072,7113,57974,16773,48554,45980,44880,4984,43087,59076,58704,11506,59512,57369,59279,19775,19176,46905,50219,32682,54653,57226,10679,50711,20190,21002,43690,13641,39490,21943,43300,17396,54606,7244,40727,34430,38690,7389,25688,34987,43565,3715,35017,29430,17566,37611,24618,28651,2367,25984,33775,43036,22994,18649,32354,15790,50586,7582,51447,44503,7122,30341,23442,7721,43425,57098,31766,11401,5681,13606,564,19578,39651,9463,57290,41305,24581,37062,6806,42529,41705,49380,26717,16771,15363,52415,18135,26202,17180,5870,5171,25936,35741,13722,12765,355,36300,21864,30391,18672,21894,59932,4255,54095,15138,35604,21723,22166,20131,22509,2905,55351,33260,47807,7667,44014,31845,13759,32401,8708,19384,3972,54590,20510,11794,13304,36933,51951,1230,5425,38019,8994,58241,35048,45934,33082,51858,52222,33252,39379,52404,22881,17387,24873,33430,29267,20272,31464,45998,35495,26842,26826,33988,10024,59678,46106,7954,12270,30116,34187,48635,24481,52752,34600,13937,23427,33028,20811,22500,5030,51982,46195,515,34198,35431,10119,52996,20685,27063,10130,50469,16707,36095,14384,2047,57792,48109,3457,35961,44698,7228,11474,4804,8627,25361,113,41917,19640,30872,337,26433,1656,35920,37240,43551,25400,25344,28157,12079,870,19472,26326,26538,1267,12575,11920,10702,52733,48798,35157,9818,33740,4781,39268,31071,5857,18350,7268,26847,30029,52014,45627,59761,11093,7082,17031,32598,1626,8119,12631,18086,24363,58427,17406,24952,43456,40697,3544,34708,8799,17747,28830,5761,57583,29983,48736,5679,11694,6150,27528,48382,50846,26062,56814,56644,17571,8691,37941,9738,38689,20352,38605,18005,13935,33202,40438,12455,48961,51779,40671,18979,33143,15352,22862,19717,39996,13158,9114,27552,37389,32957,54106,49703,34463,7463,13319,39676,34345,32739,11644,49566,37302,3703,11032,13735,15007,59202,47919,49582,39068,5251,10552,46335,59620,56812,43427,37995,38566,45064,50601,32979,42327,59105,28630,25371,30946,24644,32926,26068,55669,18313,21317,6547,58727,14541,32978,30958,4603,6649,19495,49614,53203,46861,14156,28543,12578,58380,14144,11796,44965,32045,53042,50555,37194,57798,41047,38843,7184,42498,49985,55388,24213,30098,22019,38302,29706,37359,53479,41074,36560,46873,37014,13762,35838,9228,46252,30109,54839,21986,44964,23910,58203,39084,30993,58912,50465,50428,5640,50159,46290,30979,55952,19047,15872,55182,13807,7894,45191,42101,6155,16215,28642,51575,41192,41985,27724,2341,22358,20152,47753,33487,21127,46962,26593,33582,36378,53547,21683,50878,22134,49223,38211,15588,3912,51609,7282,9234,40623,43228,21016,13221,29071,6481,51875,26607,9122,34566,59971,3548,54881,35491,33787,40169,21702,7270,15258,20149,50058,40924,30713,10908,20748,53823,33119,11252,24893,58513,4893,24079,20774,51407,15994,54413,34036,20622,2986,29838,23957,58670,24508,20818,48172,10175,47547,22492,37607,41217,39821,19534,43286,50,34447,21696,48161,33454,57177,22742,9135,3396,26876,52785,57159,56118,20077,11687,40380,41138,18387,655,35576,5788,58138,3439,35789,13284,58042,45243,38021,10986,13671,26961,10043,33077,14459,31870,5183,6129,9960,25530,8470,50158,14796,12815,10511,45722,32357,39121,25404,24837,14110,46341,14297,31746,35743,35498,31433,42323,8991,9844,28992,22902,37915,27627,9002,28791,28168,45799,26089,45987,24265,59237,43754,44191,50997,40836,52290,1311,14714,5437,39583,1761,52076,52113,38383,50641,9894,22884,26632,31476,293,30935,37044,21964,1966,45315,27653,24290,22456,2312,37863,18574,52914,26494,49885,14033,12429,9442,1066,27228,8372,48845,7638,7896,33635,58932,38153,4565,42782,48728,29745,36454,15456,16750,17330,59487,14906,37199,36752,38413,33264,53054,21704,1381,4382,51143,9032,13252,7738,52047,49150,51986,56108,50026,20686,3103,40724,13264,19522,55254,2611,42753,56904,12516,44103,43571,59621,16562,10562,48495,49894,38537,38686,54076,58248,28322,29259,15797,34932,559,28210,3165,12083,21139,59684,24018,39710,56576,43453,9812,59492,30751,40366,10069,16924,36404,54747,2323,28438,13731,36616,46526,34827,14227,39815,26485,16419,17799,47797,40031,57755,24350,54416,26145,25787,10192,20878,16594,10263,47130,4532,16158,16611,42772,37735,21429,37476,43469,48776,54836,49006,52930,15919,59823,15039,56901,25580,51184,31295,39662,51439,8059,36631,31023,20399,48092,15653,19754,42460,33075,59826,48925,14314,49870,37400,26491,38388,35802,29862,14175,50519,23416,11217,36906,27113,27600,46552,41449,47170,59114,44746,44468,53136,41042,43267,18204,54644,34239,59876,18029,32840,51550,41615,53237,20470,30817,26298,23585,49465,42588,57482,6486,36911,33319,47332,42063,17202,31018,53264,51338,56706,24260,41255,19328,21253,51202,1080,53797,26281,56593,3450,37022,54829,26101,12768,462,16753,31726,12178,25905,20290,51762,9748,21657,11235,30285,21878,24842,561,57943,28251,49844,30679,39051,56835,28298,34394,33626,36628,21327,37680,56104,23945,3626,55192,19477,43392,12816,16800,30111,57662,37937,33853,33309,54967,12630,57295,5206,16161,22739,23452,59765,45552,28727,59739,37077,58510,46761,55194,6801,32652,205,12241,59950,743,16964,2196,9099,4980,7267,22398,2504,235,42000,18475,55520,56416,46929,41625,11615,40926,24055,6560,50031,52191,5220,53186,27378,48042,44969,57457,15469,32686,5942,37801,3247,19147,34045,4170,27625,30204,2019,16054,31987,9215,40739,35020,28854,37667,7833,11610,41269,8671,1962,26489,59733,30690,24287,9759,55186,17106,35790,32704,40583,41828,49300,6589,57858,46614,31606,23339,56323,31756,37519,34616,26754,47226,21248,27831,9192,33380,38672,31041,44640,30176,45583,44207,48328,12525,27508,7724,13985,44922,18445,23176,27874,45096,7785,56583,2188,15109,41048,52588,32708,17395,19248,58738,30539,15977,27564,22418,22854,43388,58973,15593,51632,48899,54461,14682,42367,21764,2957,28783,24183,20468,25651,53557,47254,35008,3908,56128,55568,21400,36541,35639,54659,18977,10828,36935,35107,46707,55172,46385,41868,38849,4215,30006,51816,15240,44952,5880,3823,39113,5292,37142,39596,19086,55876,28751,3345,38928,45436,49058,23670,8447,47370,51911,12218,26024,44235,11153,27783,21582,8094,7740,44536,23325,16865,36497,29560,45549,56365,50456,57121,23664,44583,43509,13070,14686,39711,25772,10794,36557,37662,13224,13995,50447,41817,37076,15080,27842,15,45668,36857,55574,4493,28000,11307,39486,12041,26650,3919,51127,31854,6306,11683,52726,2856,2848,11374,28023,56507,33170,11154,42394,26292,16801,6790,8884,23588,51215,51148,2756,19057,7238,18087,32068,30901,1794,20135,35387,6921,34217,26807,31411,41267,44162,37385,36741,50621,50111,42364,29073,1643,49533,36937,53922,374,24414,32540,17636,20418,59760,41896,37728,57777,861,59534,22655,47259,38476,4464,17880,50009,34287,44855,24847,34857,38032,7938,47890,28643,35643,44009,47040,31021,21045,1495,53251,30399,28720,5179,7903,1220,9953,36481,39578,9141,14247,56638,36047,39464,24458,59864,27315,25260,36050,47523,33621,45021,44441,25993,35443,20627,26854,46717,51102,8365,14053,25604,13484,40492,49187,44392,1780,2207,29972,362,3010,51598,22587,27833,23167,41177,29425,35953,56694,8897,46169,49318,34914,16284,44352,1904,26850,8117,396,59619,30290,12837,14787,29043,50227,57822,9334,39307,5547,37923,59955,50796,25522,10297,39656,26685,50826,10709,34223,50962,7900,14318,57349,11158,40582,9621,28684,55226,57328,8426,7530,39666,47747,42898,47839,33919,1976,27027,11608,27127,32165,54958,57454,23811,36149,28126,55940,28824,7831,20273,43877,48201,59145,8744,36226,40488,29519,26964,7963,27252,44360,629,40714,46495,175,18181,27092,22495,41268,44555,7529,48047,29129,37899,43198,35618,569,21656,55776,35690,47658,35895,6092,28705,50222,29341,27984,4173,41019,32040,55392,3905,35010,37891,33321,27728,28388,58740,39853,32083,9637,32701,15579,47401,43692,18045,48833,57697,29090,13176,30003,44679,19632,2426,5838,41548,1435,23612,34672,20194,488,15098,29827,33345,43893,56392,20176,59508,25033,19157,59498,36589,51901,22322,46243,9518,40408,13429,36408,51282,33581,27865,14009,10358,16459,42847,35206,10322,36163,24966,37095,31911,37145,14453,26432,36062,48467,21129,20743,42149,12278,5823,37299,4274,19314,3844,51378,46588,6218,54318,31502,57852,9432,9989,14224,3606,25691,26777,54261,14798,1632,32255,43989,8429,50082,32340,39353,2000,8063,44500,4142,53917,13022,41090,59366,5984,32908,26224,29526,59128,494,18834,5431,7843,32336,27320,1530,16374,23096,59898,12352,34224,26898,33565,14437,40479,50705,17315,35034,54360,1714,29852,49237,2202,32383,5687,46963,16947,9023,26623,32801,6420,24770,16784,7245,17795,15129,15523,5218,13879,38657,16431,41421,56237,13372,17637,39630,14446,13244,3752,13459,49571,17435,39107,51437,32655,23991,15068,23591,15043,9237,24134,38531,48655,34213,55312,34612,59665,2304,8797,48874,5662,23038,45320,26050,36063,17773,56523,13369,59133,27271,13890,51579,7733,58127,47959,3249,8617,5624,55760,49279,56034,41577,42852,37786,10083,17778,16434,39979,19323,55748,22294,12048,58865,29124,52041,38328,38482,37576,56595,32214,59135,16423,38084,44668,58857,25081,36210,15443,16009,3188,47085,6322,55961,40061,6278,53812,51424,51258,25209,24126,22537,29946,4066,38938,31146,28420,17709,51665,22769,2895,55978,18722,30579,23174,58288,15835,25898,54525,13916,23195,51880,18588,4118,49008,56400,44496,40361,32134,15052,12192,21053,27367,58095,38775,7043,40020,48449,30069,2829,24602,26882,1274,32543,22281,55934,40942,13656,18229,9664,11011,19943,39118,42046,28617,35062,20342,31799,28527,45621,53863,11874,17015,14363,53154,40856,22981,56789,43277,16051,43462,7717,19599,12369,5879,56336,53008,8997,55185,34248,16473,15272,48219,41951,23813,57316,34040,59671,16098,14582,39322,57263,7277,169,47749,17691,43633,52162,4997,13957,16969,30600,13805,37893,14942,29784,36943,19529,17576,26921,34245,46668,55901,49171,52761,57254,7623,16709,52517,52725,15603,17453,26107,1781,2171,22913,57084,57266,28699,2825,57576,3588,51469,11488,13668,40044,49228,23109,27655,10638,7383,20321,59201,7260,59587,37756,51682,55331,52280,37608,45741,7248,10324,26757,26149,16482,34031,36899,54938,4903,45837,36649,34201,32900,26646,40266,53133,13792,52289,4535,9843,24907,46908,50979,35810,1717,53497,26682,56622,33798,35710,14066,47035,15342,57921,46134,45936,24413,20356,14040,58868,9450,9524,5617,32475,31909,2648,54822,44955,4660,19129,29790,17533,18207,17273,9937,18674,17017,181,26153,14739,24472,40618,24421,59197,46585,55180,16545,7492,8128,6274,16165,37492,2871,59099,27916,38040,30956,28530,2610,15765,19636,13363,15077,41643,12827,2138,26343,24048,7574,15385,12303,10822,32290,27421,27326,5699,43466,43117,53611,36367,4285,59437,1734,46992,55122,4842,41638,15015,47613,10471,26797,1955,54573,50398,4612,21477,6255,56440,10291,33831,41251,35417,56606,41737,20380,55900,18465,2485,1964,25888,15218,9967,10156,30218,48422,33473,33527,8419,49305,35406,7044,31876,21833,57122,45157,5860,7576,35983,30272,53934,11467,3071,31495,3797,57409,38871,33649,16558,3320,33946,18281,31236,1039,20285,2907,47774,47621,46656,11707,54999,31715,41637,24655,21643,29255,53067,38683,8339,23587,38190,26864,37504,44448,55184,8613,23544,5548,13802,23036,466,10938,3325,6069,23349,41135,24870,9700,5504,28526,32546,13112,9987,13983,24748,29075,35159,42856,978,39870,57282,9684,18119,46529,46476,37136,40983,19020,39416,47452,37098,49293,30821,1402,10925,12407,49127,23148,48152,9932,20350,22556,45231,8322,320,50932,9676,58195,38445,321,41312,29242,48768,35589,5254,25785,13289,24902,33860,54891,1123,3335,34334,44003,22448,5821,22395,4988,12627,11015,15881,8020,12425,36363,39458,19900,31347,28150,20775,12683,35362,36761,32466,48425,6994,50515,10332,52936,7653,55179,22683,1913,56590,30154,46900,12395,6077,2414,30740,6792,13170,1368,8076,1994,13868,28742,34314,41049,18217,44931,42974,59732,16034,25098,18400,39971,35285,4225,14570,37002,36324,5155,34377,19589,12716,23361,10113,39274,58710,56452,14014,42297,4438,5856,41070,24937,56033,17142,23857,3022,10524,33521,42522,58224,1268,52126,6152,2500,29823,54121,6965,20430,51947,28653,35956,28570,37778,982,31121,32778,24245,9605,34454,3903,59925,41334,41057,34253,32580,56140,25210,26023,3573,20985,51344,25007,58495,49076,41498,19672,23125,21280,1011,8467,40150,3338,11810,1468,38306,56074,4592,49568,34072,12367,19044,51111,16000,56367,52597,54917,56348,44476,16186,32477,46765,54935,45540,34474,14937,33516,6831,27910,36115,52523,7599,13026,48101,3191,12486,28398,10573,37516,1459,49194,10998,35453,29980,48898,59525,6350,59228,51992,4587,53421,31846,15808,30862,53312,38440,11087,54055,31757,14092,13490,17052,20186,2235,27479,11580,36610,23439,6705,44228,46070,13767,21060,7982,19711,12366,43418,5285,49109,51370,28165,42899,58845,28051,3697,35288,550,29751,8313,55638,13201,5610,44609,48973,15384,36539,55657,2476,11910,41706,17589,25845,35942,28961,50448,49483,32108,15378,39708,57846,59275,25003,41453,45159,38534,39071,23898,24637,24237,52946,16974,17536,7690,18710,9511,53720,51164,15685,50855,25902,9353,57591,7855,9026,41313,43776,33173,7202,30877,5219,38102,3977,50404,52493,10652,47968,7801,24516,23188,46616,18813,40337,33278,49191,1008,44319,11256,30478,48658,10365,24598,1921,47262,13409,29545,17326,27861,37973,27877,56947,16778,37429,10123,25552,23397,32962,35413,7155,2147,13714,29697,52534,43767,31293,56816,42236,49852,30247,25402,54369,34724,55577,39988,59978,28963,49606,48405,21892,32679,59627,24596,2887,24569,12720,37699,45975,19418,25583,23740,23980,10570,6762,49522,40350,43929,13092,794,53474,46514,49821,46263,25694,30848,42737,43355,16127,39504,13542,45790,3666,7468,43377,39154,48415,36903,54753,23913,49107,25525,40123,32347,17296,19718,58039,32161,44294,42258,48663,47496,6638,35979,15667,20241,18580,45842,36586,16180,47541,56633,36440,56050,34353,39835,38594,14683,35277,29714,12040,22584,52486,13746,701,44328,47361,28341,5915,34755,31563,42666,38687,2750,5536,33557,37033,5188,40677,12245,40506,48527,37119,32860,56115,52086,41435,28360,3719,16817,8371,43413,12130,9337,25070,53205,39535,7029,14074,22302,8057,14740,36798,51789,37318,23651,47228,54101,15057,26262,17769,13796,29304,54280,38248,47542,33855,39559,27764,15983,24534,54581,8350,22208,49374,12134,23838,1640,4194,49574,42111,32623,32010,56422,51515,46273,56271,58411,9037,52046,59394,7645,39293,20337,3928,53039,59127,24696,23390,7419,57218,54136,29882,38289,8888,21887,28982,47812,58629,27030,3133,59184,25553,36268,31863,7877,56692,54208,55058,54742,32667,1802,6678,40878,58519,50302,28523,39989,335,40619,51480,15741,23676,29967,31750,42649,28002,13788,12975,5036,32694,20228,51935,51817,42632,58524,48278,41698,26734,53366,41695,3256,40146,46941,14591,29076,49768,19826,8004,8620,42643,19311,37836,37788,5385,17969,42564,37025,1647,27785,7269,58968,36478,56015,46688,5276,55596,18711,59844,17712,1343,11626,18774,45002,2159,37351,38344,59712,11502,36881,17827,32297,38340,12990,23620,13016,18662,52118,54985,56339,3545,96,8302,1704,53260,27211,10777,56231,43752,22719,29080,12618,7073,54926,9747,3538,47343,25492,54116,22730,8482,537,26721,46669,34448,57143,4271,7825,1100,31989,31102,10360,41792,9444,3081,41602,41101,19227,47021,30605,53604,38301,15877,34589,42803,5052,16902,29000,47522,45176,41647,18399,54825,56167,16133,43298,49340,38012,34065,37916,40771,41619,44895,14126,20305,3442,48855,12088,20195,52303,35125,2352,29385,30201,37333,47660,56307,15064,10987,33695,1420,25119,10066,33564,4466,35955,36174,59550,54539,22709,13743,40135,47981,12201,55524,48341,29132,18145,44133,30120,37495,32204,54633,7688,52744,33331,28710,1680,20665,54424,5112,53955,640,31416,27640,46500,55929,1591,57708,41775,28799,44893,2568,29309,45391,3449,30750,18260,40792,28609,12600,30568,49259,44436,13498,11902,4230,33190,30969,57782,15646,21468,20823,10708,618,50366,13031,39275,16227,39850,26413,20349,9250,5086,56126,3706,14120,28997,1618,1721,972,59483,27849,7816,52627,33989,12530,3585,46602,59055,16259,58800,13821,45524,47160,35049,7537,37765,31547,7866,50038,18292,23908,12707,21153,43234,33829,11594,23571,33999,51005,17864,12042,24814,14802,38532,31995,36110,20116,5388,27650,32837,46031,8090,29390,1972,9191,23050,8707,6811,4881,37645,41180,6004,18582,22185,19053,9227,33512,47235,53179,15701,35148,37903,53914,59767,25988,42407,35230,35668,58768,1703,57539,27628,45900,29865,55569,17828,19603,24184,57742,11429,525,14713,20049,17510,42801,11975,3199,26763,58616,37967,30378,49416,51930,51624,26788,15205,48099,36476,33242,38197,35424,1828,7507,30698,58944,55993,32802,50508,21733,22315,9484,19409,9092,28793,32413,57458,50500,34691,5454,53678,58734,1797,58180,506,56784,29249,6323,44710,51597,50960,16268,318,12996,31681,41557,42792,15202,40220,16474,20797,40537,31535,29491,29458,56847,25052,40693,4985,6825,6877,16377,32784,24931,19317,18160,58978,43410,15317,59577,36559,33776,21315,59059,50576,28958,25129,27171,45805,4786,894,8628,41508,13012,48683,36412,7343,12694,29338,39721,23937,56610,31057,57617,43682,7921,1227,45952,5210,35073,40689,44108,798,23283,13934,49687,43093,34436,35784,27753,22589,26743,28700,39649,31763,30655,3169,56845,5615,50289,39693,21825,8422,17331,1399,22904,35593,8275,777,2963,58956,37815,50958,10473,57304,37873,3128,23433,56727,39341,45825,28692,51755,15705,3057,55964,43738,52876,48681,48590,18256,1241,57780,6194,33417,26146,52675,17309,58421,13587,50970,18570,58732,43815,23680,16091,39060,5286,51270,49078,50003,30982,28862,33781,40274,8789,27750,39567,45974,24391,30068,59878,1738,27968,40884,9558,31134,20477,2061,14794,58072,46024,55686,4304,8027,26772,24732,25484,14533,45594,59209,7870,50148,29531,46919,11075,12798,33469,27197,36806,11427,39851,15916,47663,56219,46327,16480,52249,4978,48322,2617,46734,56951,17302,44489,54688,26091,22897,26630,23073,47527,32449,58974,46272,38925,8660,613,9576,3741,57807,44085,23821,38983,5865,59740,48027,10941,16808,42940,17669,56509,21691,28122,43750,19119,37976,326,32222,42714,36993,12155,54293,7988,16795,16805,21581,59032,40476,35031,39134,21554,40233,9705,44237,32646,13834,8303,5934,32155,47403,12794,34721,14842,57645,40275,20991,47055,22604,6700,10440,48478,6179,48273,1018,41815,28116,16302,57962,13884,53314,14979,24359,9774,29627,56332,31147,13669,56369,18413,32532,25749,4192,27131,27355,30845,32633,50153,14397,44878,1280,39876,28776,19881,19960,34529,50363,55133,18393,30304,33972,46146,13435,50134,45249,365,28345,5753,1252,23177,12240,49598,34225,25661,7677,33376,32084,50215,55013,47394,1142,24703,26917,8233,59360,3507,35596,27775,27253,31471,5451,48504,19936,45389,41004,57966,35990,9246,20346,47518,20724,17607,43091,18193,28371,31773,16564,57272,38094,42786,28132,10575,38597,9538,30680,47705,20937,27242,39199,35402,5766,116,41984,16355,31129,25222,31710,22288,28154,34089,35116,3501,2225,31333,50446,5001,59829,36161,30768,5690,46104,51692,4964,35260,51906,1324,615,49323,56923,56305,53506,59580,13527,480,10019,34233,20431,17625,12979,4740,26838,5233,35106,47667,46442,36192,11274,33039,44788,38650,38054,43346,2552,50933,43379,23180,54703,44996,50618,51900,20644,56945,28503,5364,32848,46693,36113,1120,34093,33976,4965,6433,19961,58765,50814,31699,33017,27147,7981,40645,23347,20214,56777,43438,17738,38048,43105,18091,26642,27349,51725,19854,38815,8424,6410,14392,9993,40296,29275,35827,34837,9630,37523,48649,43007,44467,4898,18130,573,19050,20413,39460,31402,39573,49950,26911,57893,39619,35703,55230,12059,51971,8543,45920,4830,36757,9012,541,28123,30215,42727,25955,4062,19387,10984,28739,21173,51680,12839,12453,31749,40302,59239,31781,53725,4078,31902,58854,47298,13179,16922,35501,15280,6254,40066,19847,20535,43231,49990,9789,48334,59336,50314,8598,42725,2533,12074,57914,44939,48396,8375,27182,20296,11777,41743,23827,960,3334,1888,8382,51226,48780,42434,1473,30091,12211,4205,3066,46314,50574,27832,22172,45521,44412,852,23703,11126,10943,13949,17779,50284,16214,24214,35469,30771,26737,43044,695,46609,6976,2193,15691,31282,34412,50563,17168,43592,48593,18585,33501,33645,37865,1853,20833,49819,44457,42317,8173,20286,40907,7407,3992,32090,14505,55329,16735,43076,28645,442,3177,23617,18830,47843,24780,18992,9116,3983,26902,18259,46682,55007,16203,59653,37598,11062,10278,53484,5803,30405,31191,23658,54872,16384,58834,33967,46968,1917,7387,52909,37464,56504,14295,55698,24551,32100,11382,47556,31510,55175,32758,13531,18043,38202,215,44284,6551,29569,33257,57174,23226,32287,8829,34845,25429,37235,43291,14019,5968,15259,17904,42661,40614,58158,2940,29404,41463,34355,33778,34257,22705,38726,53541,46674,56031,32974,57561,28628,1786,18910,6815,44717,49464,30742,2587,5000,27469,44854,20511,36184,55592,39332,2553,46035,56302,17383,55076,33277,44036,41731,51957,6902,22673,16037,5816,27057,16997,42897,26499,14481,2093,43013,4992,46516,17702,34782,58812,56172,48432,27837,13159,15719,12392,17047,54537,44819,35765,7026,7337,21064,44559,2009,53566,20576,58400,58879,7191,5355,34810,34311,23938,21889,12237,25701,485,35344,20983,57234,41477,21467,33794,4718,829,383,31466,34761,55980,34649,34491,57836,1056,2671,40531,30704,31635,25782,34164,15121,28434,42770,7421,25951,31024,3155,35374,56977,7266,54580,20895,18764,10048,57211,5093,4567,3430,51368,6201,54153,30736,56387,14559,1811,31353,41036,40396,20497,1175,27524,46976,18362,59245,5225,17901,26575,41411,36426,46844,23592,26106,10967,4163,36348,52198,38632,22710,14263,23343,55807,4610,47213,31397,50848,21299,33804,25689,23669,50865,57076,19549,18402,23700,37944,23485,16819,7101,45290,48648,38909,13322,26660,30763,27195,11094,56110,17360,54054,8663,32248,44245,36915,10030,27891,16273,25802,51894,28932,55618,29468,27942,19565,16782,30476,41006,8069,2858,8338,10678,13857,14411,50906,48292,13843,58843,46655,20376,53660,59100,33090,45664,11916,10272,13847,50510,55513,37852,40906,340,59166,1035,13897,16719,43136,25695,1083,59008,53102,16932,4999,26436,17793,14315,39593,54849,16541,40934,4415,13431,3917,58617,31432,13320,46840,11637,59120,21480,52036,41296,15113,53399,30281,29700,22541,32548,24649,12357,45828,44699,23308,2539,49911,39207,44966,6861,33711,51655,46218,25161,50761,19316,15682,55155,57427,43889,28753,24381,30598,48490,43213,22896,46597,58147,9826,20930,52459,55074,16149,57665,59461,29233,36097,11270,11628,35916,57909,1766,12175,9578,26890,52338,24943,11320,6858,38653,32964,756,55054,37574,40314,46604,10182,15029,47268,2666,46684,41710,36342,13793,12010,47503,47458,37179,25617,37283,54052,49674,39117,52300,4752,47411,28718,6449,29910,33064,14851,49934,20146,10145,17303,21394,39010,29557,38933,22952,49301,17761,22217,47721,12410,31986,11799,26006,52995,26211,47177,18842,44610,4564,45808,59987,18463,3150,31400,58804,762,49361,47134,50691,20355,50542,17133,21371,38038,17853,50595,21727,9339,55266,42657,12714,44863,650,27015,4761,12994,59536,36328,13622,9725,31807,30007,25428,1898,30667,40587,59428,9028,53761,16982,30601,29162,11649,8488,39812,34477,9296,38535,11201,24006,42215,35439,54389,21150,54351,16286,40187,47718,52579,47071,52134,46866,55352,16213,47013,33722,2434,5324,3465,9806,12632,48881,58866,34363,43845,41783,32344,28137,40272,38946,42150,9990,23175,19097,14121,8894,3499,24975,31785,48340,7116,49248,25099,18317,34977,44580,19499,16253,59129,48178,45860,17865,15145,46406,45768,21200,42761,20882,54720,34395,42759,16664,28024,48837,34456,32980,50934,14213,58236,14604,47260,22762,31078,18684,24997,24351,2603,11067,55220,35274,48975,16447,9178,27227,20256,43581,21386,2456,6070,29401,26355,11505,52590,1579,52884,40611,12119,25120,55758,57026,1610,45229,42349,28994,50815,28973,28703,11360,29321,39827,44781,1148,17940,54229,21854,49123,57112,23407,34544,29656,28367,20147,50857,51713,4922,34681,148,8248,13453,24444,5609,45451,53824,48744,34452,59617,47711,39487,16116,49630,1644,58782,24932,23368,40307,43510,4063,3829,22385,22435,52182,19042,30717,29219,28731,21553,39895,48772,12864,46172,50126,42071,10346,41603,11139,24,50922,6111,19839,34100,57695,14048,56163,32549,19290,36846,23027,52742,40376,11653,45310,10120,5165,9891,49217,30357,50389,38243,28469,51395,45382,59648,17401,4269,17703,22558,668,19460,55225,12039,42624,59069,33864,9991,22875,40416,14279,26778,27161,3327,56423,30190,12666,42282,3048,15901,14660,15644,8913,5529,36622,59830,29032,21319,15975,9847,13829,49411,10532,36352,19476,23108,1281,56199,18197,3909,2903,2013,21975,4803,111,15244,38173,50239,47,38125,56136,47873,7332,38165,22069,33141,36325,46708,36019,25574,3494,14646,902,40565,34109,43772,21585,41216,43548,20547,59677,23564,32431,51684,22764,2408,40145,50399,52535,21041,38053,33201,2626,8473,55545,6588,14550,11049,45145,44892,52774,10201,20570,27510,56958,17400,50090,26049,12770,19089,22560,37775,10936,4976,53768,950,56934,48605,22359,6401,36854,54426,42401,46847,46066,14249,25028,24848,13117,37234,47178,2650,59072,26943,33464,6445,47653,30317,58599,34556,21018,1047,1455,12543,45255,48493,4164,44795,56545,54016,54757,52170,56450,14893,49993,55710,39729,399,18223,53360,1951,9667,58757,38238,19731,6802,26328,35716,58168,51652,44304,14355,49845,6805,45929,45833,19177,47382,31202,11007,13305,57991,25024,56819,29373,32597,13497,2860,5005,10180,35622,36919,1924,21408,28934,5676,45816,53081,16535,31185,41833,3612,10853,12362,59515,44473,30064,9587,22798,35673,2643,22600,16292,36286,19899,24078,57570,2645,39719,55471,49755,35460,37391,38867,44809,52507,7185,16959,16686,19347,1719,23012,19751,43476,976,17426,57979,57005,48086,19759,4234,9345,48534,48602,57302,35202,30245,23607,41537,15840,46109,59706,7780,46269,45957,22136,24219,43785,16833,21514,9746,33050,6917,27738,20136,26965,45508,25023,54962,41052,41536,13697,31214,53550,32027,13455,41316,28544,6856,57193,56984,33003,33805,56260,9929,35954,14650,12886,3720,34479,18517,15813,8284,33098,109,55163,9532,12986,57306,48996,25582,18245,49322,59063,16477,38374,12298,16751,18302,4337,52919,39481,14107,716,42535,6117,3271,8813,25852,56214,43489,28202,24723,58901,4133,25814,29874,17817,23168,32307,59286,49089,47874,56026,28909,57278,5798,40995,9224,32064,18502,8231,10891,12509,44263,21151,38841,7708,55916,26467,33610,32602,18227,11516,6336,48112,51474,9051,33265,25767,45018,27502,53247,16289,57128,18549,7188,59734,29031,50564,21126,29079,27331,37337,4912,4600,27006,11039,38880,16411,3691,47135,55238,47868,24645,39225,8907,45357,56757,46287,18639,49390,48921,28797,50913,49905,35534,5452,11334,22908,49330,14417,807,27461,24855,28237,56037,42171,39493,51668,25332,8192,32493,9761,59161,30128,51770,54345,41497,45851,57385,1569,10974,20539,55269,10258,4665,54854,31569,51232,3907,21904,46679,6265,11858,49784,57849,28045,55769,49343,43124,32599,26214,40965,48024,57728,5739,37401,37767,23360,20169,35097,14859,40027,32640,32233,1383,54435,13097,22940,42140,2726,33642,37402,8715,31538,36732,5466,44335,5784,49553,31311,41978,28276,48556,38790,28662,30731,46814,5261,56591,16107,35951,43440,3241,59592,11167,59112,26195,41285,24308,31473,57397,35894,8307,34918,18944,54818,10710,41173,58896,43386,34801,54759,22305,24510,54193,24004,33322,4457,25313,1788,51565,43163,5438,56017,43160,30974,19184,23663,28885,29952,518,33535,39869,55213,38829,46251,22543,48006,33563,48671,12443,45608,26318,51380,33455,59282,45869,34346,1893,24302,15944,36670,58504,11897,1428,16150,20988,18376,47185,5861,3551,20123,953,19204,45771,56301,21749,42510,22073,43191,33545,59689,16199,23016,15115,11657,1767,57538,59750,8044,38942,43799,9382,3391,41478,37839,17524,38583,30387,19539,23493,45066,26775,5603,51706,45031,41854,55726,50788,47730,28497,29858,12945,6786,49080,55270,9785,8944,51295,54039,57803,44259,566,56933,24960,50414,3060,38384,46321,54142,38131,28001,5599,27199,22053,52573,27554,6222,26562,57896,20881,35929,50129,44096,22521,12092,32198,44934,46467,5805,8100,6788,35111,24761,21474,17914,27064,23881,5472,40745,13862,7021,45660,8735,19109,19555,4193,15822,12598,54440,1423,6518,33938,13184,11998,56488,52053,59156,54846,28393,14839,28226,52223,1874,27183,48071,37623,29694,56296,26108,2670,20899,4441,39326,52906,37933,26347,5190,25074,50356,35353,20120,44231,39171,28040,37249,58488,20638,53176,5722,50396,22649,12785,1000,27249,41432,26880,9830,42577,2040,38214,33172,50904,14083,16995,5863,48569,31899,38900,49395,55320,49149,56884,55478,25942,56563,36337,1995,9156,8665,20193,12545,48173,36782,12380,16441,7388,25735,7139,25318,28266,23022,21901,31543,32789,6091,30110,19675,12566,22586,31560,23644,54114,21822,50789,8177,13424,31851,37695,14065,15500,18133,33015,30058,32177,15776,43052,17535,50688,56649,34595,57761,34938,18034,24559,50754,4894,38733,34077,2056,6672,22063,15090,18562,48480,37294,45412,13644,42433,31999,48617,7369,51159,53279,23505,2464,56124,4810,1798,19296,56770,48735,29114,39842,24901,46554,1009,37243,48544,47528,8141,27453,35408,39219,27802,9427,56181,25055,13347,1777,14701,48930,31064,54983,56746,10667,26945,48139,55353,43475,915,17829,2302,44535,55002,24762,20326,43237,33008,13314,31035,57841,37642,11857,9971,13845,34113,46064,14613,53558,28905,18565,57983,50237,5101,4938,48743,9831,16131,26674,59798,27958,14386,52169,10419,14753,30150,7079,35232,23139,23384,8269,43289,49119,23048,49214,41542,29479,38513,13328,1316,50422,503,1748,26353,49220,45853,54681,44856,23348,13065,42813,7231,29429,44145,44019,1285,8849,57260,2619,50033,28246,35794,58775,50999,48157,20115,14394,39946,29879,26955,28320,59301,16869,6926,48298,59738,51165,48141,36591,4268,51461,55516,18167,31880,41940,34294,6663,56902,41353,18609,13340,6611,40374,6612,37213,53616,42234,25911,14294,33492,49274,3555,19282,22594,14461,37894,46410,42412,9803,2486,1817,13633,12482,2325,49495,30383,22229,41831,15481,46162,41482,57367,26364,33599,42839,50419,9942,24242,58539,9795,35060,47441,15804,51996,22770,29384,38589,15697,35104,34604,48720,27624,28806,2489,32944,4266,18637,52940,3168,55118,39949,8336,27044,19246,15358,48574,57212,5876,26180,6810,37861,15292,451,58817,52979,7848,88,31679,12284,13676,53504,34561,19489,46084,6631,17611,30657,14051,42908,55537,20074,5620,51537,27333,38865,51196,20238,1248,41476,1965,47239,19896,44634,22987,41860,18575,39258,21970,25200,44362,22553,916,53021,17251,1449,54704,18037,54064,48450,30546,43595,6585,54071,32953,38335,47776,16744,23773,34890,6211,4074,20154,58387,29955,9015,17144,21642,36866,19132,12032,36341,1037,42964,8273,25167,8618,25272,4829,17114,3969,53331,55947,42256,16522,3359,20717,36556,28451,51430,25021,9130,11009,56637,18766,9577,50113,52092,47483,25252,48110,17800,11466,22167,4834,34518,47369,17143,23641,11994,10090,21155,32425,11339,53141,16859,4756,12922,41357,4722,1358,680,35000,12539,35567,34824,32913,48784,36487,7642,37803,44742,38648,50228,12610,54394,3309,22477,18782,48113,5146,22527,24276,39457,52657,34965,49331,619,47686,21483,34948,38091,16367,54434,53211,48022,50084,526,2283,14556,26786,10983,43904,26304,44057,20545,15746,26033,25064,4751,15164,40427,57251,12639,59797,6112,17027,4343,51003,41051,48214,16246,18375,20752,36390,51382,51352,38488,14327,54671,53962,42965,8925,31173,11895,4631,6293,47417,33830,10917,30183,47105,8006,55484,44677,19241,43307,32526,49854,38161,14971,29433,46093,30896,41211,5228,46596,53832,7568,59088,43933,37790,58681,54630,9912,56574,31269,28468,50541,14343,59570,54234,37241,5637,6330,51109,13427,24687,13390,39041,44410,46477,50644,17236,59414,16134,14133,28542,34462,35737,15445,21264,22551,11686,23033,32785,33489,21177,4550,54493,14819,46762,45369,22337,27943,26946,42217,38375,37326,12559,58899,4919,11209,25386,43378,21346,31252,27566,4500,53893,53929,3021,38353,25895,37301,11985,4018,5110,56750,13738,54940,27088,54832,7386,53074,26540,5901,38010,10089,9299,59232,9016,32300,37602,27497,5540,16223,28634,27559,31184,52287,45658,6584,59897,42489,33330,27168,32024,42873,25239,31908,39900,14894,32000,18287,52466,595,43634,25246,36736,6800,36504,11178,41404,10865,7961,49308,42298,16685,6263,24591,45734,26855,12005,4689,17207,21890,38367,39391,16370,54428,25151,2778,25168,13665,14379,46409,51994,24283,21877,30985,58267,3661,36287,22570,5196,18396,27765,51010,20751,2657,55512,4789,4769,56094,33016,31219,58986,53864,30929,31052,20670,37731,18651,43507,11438,15495,57054,21135,47690,57420,29333,36681,29209,18536,43408,54197,53347,26651,25834,23780,3337,48257,3126,16077,23958,20083,55889,41008,21520,24187,23272,32159,47531,2609,26589,49668,46626,26194,16490,41663,82,39270,41551,54446,34451,20278,44662,10581,19870,31581,21872,26509,40446,9842,21414,38580,29037,31268,26949,56179,55385,8764,10218,20105,6981,56217,48724,59305,4075,16088,23927,23112,48378,3809,57110,11737,2867,37264,38748,57659,51744,9870,19012,42583,24426,4191,35294,21492,35913,48016,10481,50277,4479,16994,26905,8510,20196,31842,57249,15984,7117,48667,27373,3424,21380,44454,38260,22011,20104,3705,5042,11504,2607,25679,7876,3065,30833,28704,58842,57372,14059,29010,1019,273,17486,1543,4097,11493,18897,47210,45963,16762,50522,4131,50915,38393,14025,54278,28191,42368,31754,4571,43393,27481,6031,41408,30065,46786,48146,12981,5490,49526,37719,54974,26102,8811,59524,46160,28547,26843,15439,44101,6946,31903,44171,42014,38204,57933,30448,45090,12354,23999,54240,46178,41920,23393,43559,47637,38718,52477,34169,54979,58086,32764,14021,21653,38294,52158,12776,20271,32158,49974,44918,10622,3998,42195,16458,30453,10441,37646,45319,26020,13839,52327,49636,3397,5950,9899,33136,16543,2100,182,22235,59851,42454,32457,59484,46396,51207,42589,35798,43568,29172,20384,26556,44688,58969,47404,294,678,12599,43609,43201,7016,16595,28837,37766,5311,19207,25291,37126,10455,5479,103,26322,58412,8148,22957,53185,26330,48754,30195,32705,24683,53085,25765,2374,30809,1226,10781,29690,51283,10241,5844,43419,32796,49235,38894,4445,55859,46147,45724,49760,2333,50650,9665,23373,8890,15247,54743,46383,25820,23772,52458,19587,57714,10691,41810,45283,11936,21606,56159,57629,41182,19035,56245,39428,39095,41325,47387,7182,32176,29146,24446,27306,16368,37036,35418,46703,23030,37009,6369,15003,39508,47581,44440,43347,53733,40981,46481,47375,34593,3404,41490,37931,42766,56407,46944,19846,7422,2534,37867,47922,40238,33083,30457,34151,14529,30424,13441,11654,9856,37489,4866,27810,23088,51980,49712,35071,6889,2638,18715,35327,20472,26729,15672,33509,31676,6872,55143,26080,26611,36632,44694,8948,52059,25283,30997,56373,57666,1953,47242,47101,19605,46583,42003,34153,4102,27747,14867,9902,35874,10850,44188,2289,22314,3911,2471,11745,38220,53311,5020,58963,23646,40428,19068,36044,34428,9283,58784,46652,8857,41331,19087,38922,14143,5079,54304,2929,13107,7358,2547,42845,20733,35766,46663,19576,14993,25231,16574,9324,23060,19404,46086,7241,22847,11870,56114,57737,11813,10103,55662,17684,27667,6653,29214,46955,28328,44309,30572,40034,47090,12921,59607,55554,14564,16432,4734,58847,8695,37881,59538,304,55316,47501,34136,21666,12732,2886,40451,524,36280,6226,46270,22352,4863,27079,45696,56913,46470,6047,25523,19188,47715,9396,2755,53490,13491,51113,33421,59556,21440,45582,41804,58126,27413,38460,48268,16722,23085,30932,13640,14421,31816,9885,29362,36501,51241,41249,7736,44762,42033,9733,16881,28560,56953,55874,35033,904,6677,1524,36101,22692,50401,25914,12228,17805,27164,55110,26126,49892,7190,40281,23866,30988,2759,6168,55383,36397,19217,55983,17951,8183,18178,57286,29810,53216,47859,16082,18466,1293,14328,52077,31887,49897,22631,56464,16951,46858,5321,35145,54361,55696,54486,13819,47950,41771,55821,17711,405,13994,24364,1002,408,7058,59478,55836,10405,36165,3148,41385,35608,5383,39090,50054,4862,27014,21862,16202,7135,45557,59195,43221,36343,58654,16408,53071,39689,35646,50717,5082,14253,9659,28082,49596,49013,51011,36585,11904,572,14335,1038,36216,31004,21337,48210,4124,11532,55293,22121,6507,11629,17902,12264,30423,14278,20702,2800,46325,37660,14469,58247,10340,6495,37035,35535,51199,40159,54933,27439,26526,6298,31915,41286,55001,38111,48305,22130,53334,18225,33132,47913,39263,24317,10959,33604,53780,1289,32533,21985,49716,1997,5009,38170,7482,27686,51793,6134,12145,58626,21128,44430,1237,34396,28431,17461,28164,12604,24118,31490,47969,34984,47603,14207,31795,19026,30025,53282,2060,47104,10738,34402,42261,32051,55944,59715,43818,39031,27515,167,11053,19170,41464,38049,50980,23799,15670,46020,39155,23907,34967,39297,54357,15529,50884,16293,33569,30172,47295,52687,2346,20924,24987,3568,20757,5347,53377,31759,12957,31440,58550,50323,40833,15862,47122,5596,33909,53286,27717,11019,55778,41298,42362,19952,25804,47587,50147,40288,31516,53858,13482,58545,12874,4944,32542,59456,58890,26420,31764,40057,26081,6516,11459,36974,9943,47510,34389,13695,35935,47128,37859,8171,29028,22843,27847,9219,14018,15850,40040,26095,404,17268,27608,9405,38845,54748,21855,14972,7010,8018,8249,36946,48827,3649,50840,11940,18420,47858,36959,38595,38030,39339,15657,17138,22815,9082,55173,57106,12318,4387,12405,24556,1932,26434,36900,7326,11512,9240,56485,955,52672,22055,9765,24502,5828,45081,24988,29871,2045,29968,51444,58517,28445,48835,7858,38410,32697,21370,17504,21276,8414,37690,21839,4345,52121,44070,18129,9052,34602,5628,12435,45345,42190,689,2854,2272,29070,57338,5483,6032,14194,13506,55589,54571,45457,35240,56053,34116,33239,40249,14046,1061,25173,31660,57298,12781,53164,41720,36892,42720,48619,50774,56236,7097,28296,24369,55683,20637,33296,53191,20789,25958,603,57472,21120,23901,14147,55688,48723,59122,2167,9607,14845,11413,15478,7300,42730,57125,14052,19825,54984,38743,54405,18058,10383,1512,20090,23062,55823,21754,51860,38863,18425,50258,11611,31600,4186,57186,15076,30520,34236,22855,13400,38039,53809,20699,18070,49991,29644,41977,20016,16965,232,40646,38116,22624,38141,18640,32717,22472,3208,24227,6497,28847,9772,11581,48215,16093,28225,33107,24720,52432,35051,3129,52199,31356,36957,25035,50402,26525,26152,31430,56962,10609,16128,17883,26234,27681,7768,8750,44596,16991,19650,5075,38842,51227,36028,11409,35238,40670,20216,3857,23735,24950,26384,24744,31575,23386,44078,30607,47752,22362,44591,28264,4960,36548,52769,37390,22846,25611,52304,23530,34717,28060,27659,17246,11658,20658,14429,8503,59626,26784,8085,21359,29600,50713,48315,38876,59150,40595,49376,10465,5655,17049,44241,20890,25015,58585,11803,7242,11163,8130,49195,41481,6414,7639,19890,24024,50724,25891,17644,6487,56761,44792,59709,50001,16206,35546,54674,44027,9735,1842,23477,39123,25956,47719,14231,17077,13706,52480,58281,18348,1894,9617,34423,23086,42911,8487,34657,940,15821,29906,38217,34332,40580,31919,26980,42210,37549,2975,55499,55362,53861,32578,42284,10003,43204,5807,32249,2733,13870,17618,34288,15708,20786,48610,5639,44275,59348,16655,24522,17634,55361,44766,3966,37075,59774,13343,9327,22877,4453,32471,4701,42419,9569,40700,11168,24448,9389,3530,35266,48538,45024,3934,29344,9328,54149,16282,12452,41564,17226,10148,1189,22240,25551,2892,22671,6614,17369,55021,45976,59186,17355,39879,1938,19172,50078,47597,1319,52796,2912,54551,1332,47892,49029,33403,37208,37715,47339,57028,9140,36103,36058,9642,16297,26374,11301,40847,40424,45811,9243,6683,4706,14946,40729,41430,48445,39249,21419,31860,53658,6701,42038,36255,135,9552,28525,12076,12316,42279,5339,45235,35987,15761,36221,8583,43040,11408,19013,9810,9519,7057,10096,13103,5077,43506,55668,15740,19153,27417,48309,53871,150,3002,46128,41622,40602,15006,52009,12150,34480,19285,33591,4746,4886,42141,48726,58976,14407,45395,2402,11725,34368,250,10997,48494,49066,3078,37330,36814,53771,49644,2706,8392,58048,41811,50320,30433,40732,59972,59176,33070,1624,34647,58309,39139,56548,42505,13837,45167,5237,32871,9307,15818,5981,26386,35570,4294,25629,37469,41846,20034,20224,55090,6116,30749,18370,55996,37012,39557,32410,26012,37229,6294,53813,29563,36020,35271,43443,57036,54611,33913,30595,34417,50107,6643,50200,21323,53764,59581,18921,39165,39169,13014,57535,33315,5555,8091,30714,37151,44485,3791,14501,24835,22332,2723,16681,37993,18981,52568,16592,37920,1098,10173,57868,49739,11388,28639,9819,30001,54200,25809,13591,29297,21284,10004,14006,25747,12385,15380,59834,51724,2989,8455,30857,11951,50278,29187,13798,5883,56603,15343,28140,5244,14081,58073,12477,44432,50664,47476,8146,46532,5198,3142,58113,25310,15749,36306,3182,4816,48844,12180,57957,22929,57906,38360,24249,20692,25497,25648,11350,58001,34693,14223,3924,43830,30440,5390,15228,58915,54464,33351,22811,19198,41565,52749,10761,54624,24918,21909,26813,9075,35532,21717,11781,21426,58477,9402,1655,30918,22917,44301,42126,11330,13023,45723,29634,33373,43146,13610,13526,41228,35197,44318,4416,33601,53640,57299,30795,3140,15219,55634,2488,26242,7820,53431,52821,44903,10531,46164,49927,31623,38882,16152,52953,3596,7222,22894,33941,13059,53883,11847,8034,12840,39940,15607,53828,37580,36443,6085,48476,51703,14449,57223,3486,19616,27209,25589,32272,5623,56071,35773,6679,10336,56075,44002,6880,53402,39627,14097,12301,41041,24754,10716,36722,27623,14788,30197,59446,59278,43663,57050,2885,52363,12603,59609,23704,53963,22383,5891,33513,47056,58097,29816,14949,53921,5304,58188,25445,48584,32238,49362,20479,35634,3333,22153,31814,29180,4946,39100,45706,21532,38956,2711,15580,17742,31110,12430,19127,21146,7077,54143,15907,11741,34434,50690,46196,30283,39944,5892,42097,855,26233,53880,35003,10592,48578,13887,35204,51141,14510,10665,50496,19835,11702,35636,50946,3102,18435,50243,5123,42145,16992,49457,31492,23509,15574,28477,6147,59454,10397,56660,42220,9728,11130,50559,12166,5578,49324,34874,59172,15313,3577,26502,46135,20461,50899,40741,43593,10699,53599,36951,45155,31014,35393,33128,59917,38573,31926,10384,4098,45063,16505,49909,143,23944,40050,13901,27059,59475,20613,38392,28635,44210,59388,11942,58645,38396,8028,55332,59790,51607,52984,24549,34955,22285,37221,49915,24614,20746,3030,6955,34760,4034,37947,59509,2198,277,52488,29265,45897,2938,24311,51417,42790,16601,34387,23501,39725,6036,40068,37084,25934,49822,15178,2435,54068,12020,21830,36344,3403,15030,25637,55812,13712,3537,30684,15785,44060,52245,41168,9322,51157,58977,52190,8449,59363,11865,33377,1356,13520,57653,10056,48095,27388,14508,11530,37844,17074,32201,39907,25489,22964,6717,42154,14043,47986,40713,59418,30032,8052,6287,30233,51528,38015,12641,28563,59307,4510,25316,40012,1855,15854,53526,19183,54923,49597,33767,2882,34897,18453,4231,26774,12120,4082,44277,23046,33795,24145,56756,51987,15865,10880,2965,49977,42526,28864,51218,26669,46331,54452,50047,49257,53994,30616,52474,42066,26283,7305,8374,26800,6405,34024,31992,48035,56794,52967,28719,56786,12411,3099,37762,12001,16826,28413,27081,58688,54678,1493,54277,24928,1836,36800,21349,13903,27899,6748,37824,41941,13136,46854,55621,36036,35562,8600,18732,24133,19919,53554,18504,6896,39967,17485,48939,52580,43801,36737,38898,32386,15116,39550,59743,40026,23723,5097,39750,20191,19064,545,13262,15935,34823,8265,9481,3864,23758,22779,49387,57153,39958,39724,54583,25472,15223,25325,26747,14624,42483,9799,7884,29303,27325,42037,26636,52829,48621,18431,9651,46754,32611,18712,36882,15232,33395,45561,43157,55437,44346,36583,30569,51960,49874,54009,29316,4913,7415,33465,32426,6489,877,57942,6554,52564,33047,17102,38136,55693,657,2244,48218,25453,15263,39415,45268,52800,211,36964,16976,24092,34278,5614,19792,32513,7158,48488,41762,42379,53972,14824,15978,44055,39471,25480,20033,48054,39373,56489,19110,49583,58607,12233,27180,37508,16160,27852,28475,53351,20842,17972,58240,51573,3692,54955,32669,54922,35981,55485,345,33386,15759,56288,51806,30534,32311,9208,59292,26478,54968,20019,18210,40107,30273,53305,47034,23466,34354,25858,54626,51950,17377,21112,3202,6707,15194,49240,996,49209,53262,44391,27404,33063,630,39047,54513,253,36464,46141,23451,422,21462,55968,59328,5758,22143,5325,1366,32358,11536,24203,57008,46654,24459,41089,51418,25029,51662,10627,37474,4247,24752,58210,43936,44190,45390,849,57536,10801,10957,27175,49456,40033,59148,22652,11927,10101,31117,11450,21900,20569,1034,55544,46788,46490,50162,44745,48640,47790,15771,29290,9620,13725,44589,8007,6710,22634,44337,34372,7271,31809,54430,15929,24022,18929,35339,12991,48603,4597,56709,17241,55677,57015,13038,25896,41235,48412,31051,8222,15061,59377,5474,46728,44433,22296,49139,29753,9687,8390,31437,37154,39044,18501,25013,33385,12488,6231,50250,21547,15554,8952,2703,33187,33103,59810,30368,42414,31119,10124,56886,27791,40788,54343,17299,1277,31748,51828,54238,39545,43406,32414,28686,43858,57288,29667,1925,45148,38442,27671,3563,10776,50659,6200,46200,32721,9455,2911,20182,4813,17646,18318,32547,11991,12265,30262,29287,44495,6912,25625,28433,15830,10002,8822,48044,522,10368,36046,37686,21211,11833,48236,30319,59308,52649,54388,40723,19117,52692,56344,36475,1112,49807,43031,22303,23560,10411,39918,28835,8167,29243,19704,28003,25124,51500,49942,48903,14938,46192,49790,15803,35609,40945,46564,7330,27268,20868,53322,14969,46620,22969,3853,43215,22724,57370,20006,2111,55979,41114,34149,12198,154,25899,20426,22889,6242,47206,22597,54391,3884,27976,18077,4310,35964,18828,1698,12320,31396,26994,53536,18280,45463,41623,9351,36553,1931,11348,41129,42144,49512,28008,17987,34150,14595,15093,39520,40299,12171,29022,272,57319,59546,11992,20041,58636,26197,34850,12141,43532,33222,38184,53146,10033,33620,4823,4950,35210,5796,36144,2566,28941,44174,10766,11878,4354,53174,42826,14258,21490,30203,10571,39669,52615,54847,34734,13470,15344,55584,19145,38551,29648,45947,37620,21522,35297,53385,7607,2844,49155,17766,11807,37275,52639,23638,3571,18507,26631,32384,57764,58662,10634,16872,23388,43753,50926,27103,51672,11417,54184,12640,10701,33978,11855,56342,9494,56333,39352,8687,35695,46902,29127,35349,34585,24181,30488,25731,23233,3264,49662,46642,55967,8058,37071,39543,13540,52553,21603,36085,31470,11306,59635,28312,54380,4364,10226,3764,32822,34552,18903,22580,14569,46411,1164,19598,1214,34942,14747,28827,15073,39579,34614,25306,4824,5038,15817,7169,44265,34131,42302,5651,35511,31106,15285,8070,18039,32424,623,44176,25467,37446,4083,55960,56337,22156,7518,9343,23039,41968,1433,46580,54663,11095,11173,35315,41800,52066,37334,14612,48180,12274,15923,5957,52456,4664,51323,7592,4243,13981,16694,43610,50018,13330,40987,5703,19164,9585,37692,22344,34882,12144,57769,56073,44044,51635,13826,42222,35329,48474,4473,20428,15069,9096,18410,29280,52920,6049,56459,30392,20402,10566,59130,14865,10577,41265,15172,17863,46695,50168,43648,26247,50876,2998,53560,56078,20567,30806,43032,17280,36779,22368,46640,56426,52160,888,4121,43940,49428,9226,30530,45624,15427,16854,30949,54224,41280,3567,58686,59379,8843,43950,19637,38454,49591,21918,23545,12916,39701,21458,19986,21024,55562,5159,32816,9835,59227,33764,2760,3173,45147,56361,26555,25289,32060,45340,52321,14709,59101,4835,34808,2866,47720,59629,1808,23600,33792,11175,891,50125,30211,56011,39105,56779,12275,40089,10228,49116,34911,41418,50019,44415,37572,50382,38590,49262,18566,54395,5911,6582,14109,42565,37764,17752,31621,13042,15912,15249,30334,57928,31218,46981,4729,36334,53717,3664,49430,31940,37708,30461,21760,33429,36003,53369,4085,57688,21326,25228,23582,49910,44314,53803,53987,54911,29178,14661,41522,41902,24326,36584,30712,42637,28376,34577,28439,946,25441,56831,1105,29950,16041,23728,37562,48074,45305,18429,23873,52510,55445,49880,24891,45366,7220,3352,44075,29210,13599,10122,3072,55645,26263,22384,13495,37418,44406,30560,41368,55896,37242,6893,16584,23876,37994,21138,15382,38436,11877,49749,53106,51819,20009,47926,48053,55508,15019,44270,29247,6532,22830,28510,48660,56917,29843,17390,39568,10904,3153,31341,22767,4703,31403,7042,24125,28370,44332,5298,46685,55406,53187,59540,39774,31310,21644,22916,52358,29110,30663,21434,44330,28876,55906,14598,20978,15181,47702,47710,42615,16254,1715,4190,16231,58251,38557,53171,56311,35863,37515,45201,3602,56119,3641,45700,42875,54837,38989,20812,53240,22064,17500,55862,28288,7417,33573,36368,1912,57365,39456,48243,46577,25742,23070,3453,55661,32857,55788,6671,26545,19765,15415,37854,48986,14866,14410,8352,19438,38216,59918,24021,4678,23269,48879,23481,5485,59896,28170,6307,16462,25792,10352,12376,51414,23632,44411,10873,32712,8502,23037,47801,44147,19917,7747,49801,29943,7313,36400,16013,55452,28494,22444,25463,41944,40242,36224,39999,20528,14180,55771,11959,50935,47388,2561,16130,56363,23119,16741,25983,29251,31322,32722,49811,52492,3988,55773,50733,15044,31946,2356,50044,41389,48237,54384,59505,46353,41627,9591,40775,43491,36071,42488,45601,33533,59964,38028,50578,1374,33683,17085,58462,46275,12616,47875,25640,16726,56107,23990,18569,38649,51177,25250,34293,29555,43988,49961,38899,32685,57231,3605,8478,51016,51021,32537,58418,11584,50545,44157,2453,52986,21641,12485,51398,31287,9146,29953,6430,25645,13267,19449,36473,21697,5929,59345,20807,28659,5808,12093,43464,16898,50466,25188,29026,18330,4994,10922,14904,29332,25796,7990,36260,9570,35345,22728,43874,2276,12593,5249,3063,361,1197,34155,40058,6055,22197,10439,27573,26792,54157,17127,34787,22127,22823,25931,55995,26468,1119,27535,29658,33327,35640,56024,10495,24160,5288,3887,30808,44093,21860,25623,924,43626,47217,867,46381,6020,26469,56116,21541,37282,15369,53198,30518,32023,24307,35907,36509,31029,44838,51442,25050,12881,51845,39372,47993,13185,44791,51012,3201,43493,5987,8093,55141,25780,55239,26616,26215,56130,45397,15645,17980,9853,12126,52037,41757,51221,32885,987,3885,12737,55723,57879,15151,48769,37797,16621,38487,46039,34889,10097,40703,18920,36173,8305,7545,15397,36138,52612,17269,2463,14165,43448,17961,6791,16479,9848,27297,31047,44146,31675,28734,11650,40840,41634,28244,36424,19201,41031,58330,14561,45165,30586,57317,28889,2776,38677,54803,42593,9257,48616,39929,34846,47882,37654,59349,29515,51197,42230,34249,44875,59725,14592,18958,19615,48217,19352,4793,14493,2116,22060,46148,15388,17840,53165,31239,6730,914,58720,17849,59163,9572,11180,48750,18520,48107,41989,14933,55659,50029,46768,17526,41341,40708,9599,30217,1973,54864,26776,548,18905,51450,44095,57183,7142,41664,13034,50942,40493,9247,53926,35482,41515,39223,22345,30721,24781,25922,32595,55271,19030,21827,11997,50520,39891,32476,16219,49681,7919,6581,3224,893,5139,22148,52258,49864,27713,39132,35854,44543,15514,15179,5057,31821,14326,50863,39894,48514,23394,23173,20883,41098,10544,42350,23291,26700,48057,28811,54569,26380,30554,56935,13239,11563,45962,26055,48463,23275,22479,2518,39528,21630,15624,14487,13276,22189,48852,33383,5231,34199,12038,27924,53742,54760,43834,36008,29935,16172,55700,56289,24046,42561,34524,6553,56157,59562,4511,12809,34328,13477,55405,27607,47342,52351,37665,46494,33261,6318,40944,5661,22168,48661,11835,1504,52797,11982,5989,1988,34427,40736,30879,15114,57137,26010,7902,7168,23911,46380,41474,7670,46938,37748,4009,18614,47279,37575,4749,32142,59744,44993,1759,5167,44135,39296,6899,1612,37689,55102,20609,31844,36043,2012,46199,16568,57569,55363,10458,28928,15413,14458,691,14163,41516,38772,49472,56965,6905,22426,49778,48043,33118,19889,23543,45982,36791,1527,29836,36284,23486,15163,33010,2757,14103,53392,20127,17058,56698,36029,11247,23081,52394,38322,47674,13299,34560,31641,44035,12595,21686,20696,58604,35513,17195,13367,28564,25793,32130,40308,26408,6171,1520,26512,38115,55086,129,13396,23270,37493,48335,44223,30913,53795,56142,10179,10749,43914,32422,57169,33857,36459,37043,47482,7495,27721,50368,7950,41758,20257,26285,32517,7579,40843,56598,30324,17926,20666,21401,35130,15756,54661,24111,49720,55728,43679,57582,56386,29856,7762,14368,21843,22559,45527,5201,45206,37621,22688,42437,41243,1491,19788,54961,11736,53018,52773,54524,8237,56429,52087,11021,24497,51928,32028,21020,46611,3275,47378,58858,57898,53130,56457,25275,8774,28194,7285,58020,52871,12513,32285,49489,47187,34103,10949,26938,26301,42169,42771,13346,44273,34431,5230,9854,12699,17622,30840,9596,47509,56276,57804,42371,46894,18804,17705,47113,19202,32132,19606,15931,14337,37634,11041,23067,18943,3132,14245,45953,44690,16383,12391,24476,9546,18747,39784,58133,58461,9529,48080,26336,38658,52659,32614,9801,28363,43746,27560,21809,57739,13303,51457,10065,44519,26569,38456,37426,29783,29200,1511,45408,20299,19307,48444,16754,22333,51886,6854,11079,12753,50919,53815,45817,56588,58047,45991,28259,24853,41884,57348,38310,32409,22942,36762,23010,42174,40606,15681,43862,45091,39613,22888,29787,5973,29388,33820,9262,59417,53936,581,45757,3114,58455,50309,50037,10000,14391,35282,13373,15711,46119,34758,15089,316,39072,28568,47961,16849,15720,10494,35169,21137,57754,1040,26048,41402,15327,37980,739,10219,9273,56665,25165,45102,30062,34214,44073,2436,310,29864,4658,4241,43403,34125,4006,57136,44479,29003,8720,42021,34265,18564,12969,23110,21273,3077,34064,19681,4977,28029,52762,9507,56346,39707,44403,24922,45431,27409,53378,9,7229,15214,57960,46447,51637,23157,53026,47249,16827,12744,32933,39526,42981,16400,16928,48909,3913,21277,35043,53123,32975,42167,1334,25101,29912,13297,24058,52635,30249,49285,48108,41442,48779,18262,29044,27602,8053,18669,28819,29900,9855,38189,33529,14762,58112,52294,35775,27494,52350,4423,43463,16155,16768,50767,50311,11634,18457,49960,57421,16352,7444,35295,11029,31232,17111,29984,37817,43900,9767,58543,16405,37556,32394,38560,47006,8676,23494,59946,18657,18915,7411,54654,33681,29159,6074,25040,21145,22687,9921,35932,45774,51756,52968,22379,29958,15904,46975,6207,1792,16916,8102,46095,37224,39441,14502,46555,16585,44565,45499,43012,56840,54266,25588,42443,47265,12426,23903,40903,33246,56897,22578,974,36502,51487,47930,48786,35373,39883,57801,18276,37934,47321,41675,51590,59602,55932,49476,49225,20002,16901,33281,49403,13263,19428,35965,6467,19600,12638,20860,41777,21743,46692,43978,29763,9995,52955,23149,34580,38527,23238,50790,25713,14818,59332,26560,46880,24116,14428,4189,45407,11289,12557,46875,28814,7528,32242,36708,49054,37455,19378,33530,56982,44321,11371,55883,38544,33779,40867,37675,41077,52439,46074,38347,28396,51412,36771,23766,26805,47429,12470,1609,52414,46691,11690,30103,52908,31113,39104,57044,6143,42191,3213,32613,10623,35026,16963,38377,3135,28646,32370,15932,4342,4757,11389,55869,22777,15010,27983,49278,41303,21119,16044,1057,47624,12899,12552,51651,55278,22630,6461,33959,39772,7822,36439,38584,49370,17616,2437,11541,35824,21639,10196,39470,49527,26430,16763,47363,52088,28155,58511,41519,36218,3244,55441,49721,13645,53000,19642,59666,43437,17626,35316,7147,40648,12527,19346,41999,48171,36633,29049,23314,17154,45887,3838,51428,28910,43812,45356,57007,20292,50552,37176,29844,22282,21586,41053,22813,15054,1049,34884,49158,36845,11930,57694,14219,29069,24500,48419,48733,24924,13051,23973,23859,45514,6406,45832,55665,42247,16930,35899,25335,40491,19494,25443,37631,14287,28158,26236,43578,34733,18963,41384,33174,48565,41058,47120,198,46042,5659,3581,53980,9217,22178,4084,43995,43516,28554,53182,53267,28883,42485,2828,13137,11723,16248,56596,28838,37278,51679,40805,39425,34204,38223,234,56751,43674,31514,28717,17734,36706,952,12750,45882,2444,40339,2681,54155,55340,1641,4987,58454,38070,53959,40100,17942,50950,10147,32881,52349,51775,16834,5974,38458,30463,13928,4086,53856,31046,6512,26272,5718,43529,37664,40973,32787,41832,18695,3636,48,54375,28715,44238,10085,29616,43779,8319,23690,44741,17910,4109,40817,41339,15668,52712,41764,8316,23114,8914,15094,35544,50651,1834,30963,33541,130,33271,48483,36949,15546,25537,56455,54042,45368,43599,36405,46636,13381,43186,42127,54714,35950,59952,50983,7741,27212,1860,2541,29805,59322,52333,23128,9411,10374,24278,42707,40117,29839,37514,40789,10094,43037,51801,29771,2977,40013,22568,47318,737,36835,9276,19926,10796,24533,9107,42854,24934,25041,38800,31049,20473,29204,3836,6952,1762,13388,28062,3349,17627,11266,50473,47840,57313,38988,5367,7284,27224,56223,57148,49277,55188,45871,5299,21141,5281,32104,54230,28618,53111,22778,43661,49929,49766,5214,45076,31442,46026,192,27251,43435,15774,12133,12959,59433,8229,21548,43023,6425,30054,32003,12496,15393,21957,3307,1215,4426,7123,24390,4910,40148,23622,57926,16511,43643,11793,56597,28987,53155,10683,38623,20814,50397,31103,16674,52519,29313,20263,35005,56359,59571,41347,39250,56995,31798,44071,41843,22960,43641,36279,22049,7675,34241,15900,9850,51937,7854,17420,17463,30686,29277,17444,22835,21967,949,3267,26932,43569,38616,40102,6499,14632,10181,53376,6250,5044,28068,47979,50345,8900,49415,53662,37739,17861,52528,44719,48294,37428,28582,22523,16847,31792,7651,53035,24208,49290,3789,23610,45798,38402,59090,59276,37741,40394,10887,59782,18026,56353,28091,59473,49375,19964,46990,6464,4435,18771,55522,17394,4848,25736,56892,4861,17146,39034,31980,34638,6484,48774,51902,13720,44842,10017,5910,3931,42209,8874,19380,15376,14735,13075,8677,17907,1625,24743,24404,30175,858,18814,32114,18889,39852,49740,7344,22850,18551,37534,40952,25717,54521,12903,37908,29463,19238,20262,50698,28179,26587,18459,45917,15837,58029,19997,7232,36770,23721,39323,54884,52714,47717,25636,50055,58652,50367,22623,5023,9269,25957,9354,57484,52141,24074,142,40572,16529,22349,18482,12824,56175,53313,41026,25273,34606,28054,46906,23613,35041,50611,27800,37398,58343,43839,36792,30254,35435,30114,41164,5506,40631,42833,56432
46493,55145,36781,53901,47713,17787,56319,58614,17075,34049,18269,30567,12446,49043,40704,21210,22023,27324,2400,41097,8425,38757,6423,47025,13672,48004,20824,26176,12953,47600,53418,51101,12920,45160,19930,31231,5886,45554,44197,34931,39974,17478,40755,58589,4111,32434,54414,40828,3420,18939,20939,19818,38935,18328,22890,319,20138,47756,23761,45318,56600,50161,48326,27277,7867,21884,56028,27981,33741,3358,22626,12118,43846,52131,31772,13900,53195,24979,12913,18606,3683,47309,45280,48608,13917,27377,38642,55491,384,16862,10197,32390,38982,2275,18228,57318,10177,57990,14412,10410,26942,52039,28240,16475,52830,15379,12473,43703,40820,17265,11569,22771,55249,12587,18384,19801,5094,58824,40181,45644,58565,41300,44211,51844,44377,49077,42616,452,15703,7561,13200,5017,56552,3053,9628,27189,53116,35095,4733,25113,18964,17875,52385,16555,16262,38565,8165,10087,50274,49382,48725,51235,50476,45134,3510,7632,48715,1621,15417,5834,34384,51922,1636,27317,28615,17206,7563,55892,18714,23885,26429,38813,44556,33337,29493,41707,417,21762,31804,37353,57757,27159,58989,10932,8653,40341,3096,41778,25118,5327,5514,38371,52100,31116,11478,33932,50231,19003,4812,10125,27949,26719,39536,21791,52530,5062,7361,25097,17932,8951,54313,53622,20847,14546,6656,46951,33703,2469,26991,18685,38709,36568,53161,24328,56632,39173,46236,27700,15793,8514,37864,30798,27896,36611,16570,12196,1183,20007,1474,10947,56680,50221,9610,41233,54576,55866,47925,20893,48853,55360,14774,33460,8159,14578,49090,25821,9861,33394,6333,55938,40760,17596,11025,35780,41729,11739,50852,54088,1270,43361,50440,24764,39854,53878,17748,47155,41573,55399,38586,6662,37029,45971,43003,53643,32983,33729,50487,41567,47695,4580,40389,15587,19366,39278,38720,51557,8328,8385,59529,52288,23222,10784,45763,48313,23328,54927,34704,40085,32199,17285,20877,44669,42683,1246,33848,46802,36376,50608,29432,28366,26767,16385,9716,23586,18450,10012,26874,45029,30835,4599,29611,51602,38121,24418,26984,59728,41507,44982,12347,49,36709,22382,52763,55706,25734,8189,24455,37720,9400,35885,48262,33771,1470,13058,39749,53110,43009,12651,12379,30412,46401,46843,16065,22676,57859,40752,30274,9508,46077,13786,15906,50759,31735,52731,25619,26127,51069,50693,18703,23884,4101,35267,54755,30246,41291,18235,1200,20986,9517,22907,47151,35059,30760,5767,3107,40634,49810,28521,38515,47492,22627,21265,37239,58634,23929,46959,25503,36783,18115,27697,2131,53324,2491,5402,18953,7716,27099,47936,12978,39405,12617,4971,56729,6779,42105,9123,57111,44396,45788,34023,1203,822,33393,16623,56926,26228,33600,20624,26051,11205,47512,43649,28462,33352,39317,40979,42895,3796,25610,37289,59718,27516,59809,4949,1843,6866,8256,32876,47389,12521,3550,7456,48541,54865,50807,47661,53845,1642,43004,37832,7769,46282,42331,18242,11868,47977,3025,31136,24643,50449,28215,9020,31896,30863,34087,33797,31285,20596,35119,40269,42464,52787,43556,39188,29579,47811,24415,18315,1682,52332,16663,46590,32858,40970,29558,3915,25811,59385,32247,53753,57590,28028,58434,44434,38268,47095,51379,53738,23018,44129,22895,42201,44251,6014,14216,10506,38208,58717,51736,16151,35878,21794,25271,8271,27888,22841,8040,32036,38741,29314,12670,46512,28574,18366,39924,45375,23725,7063,17866,58783,48440,12404,52552,134,33990,34014,36001,35035,52874,3509,30976,18596,54645,5169,47569,10244,16673,50097,23899,24890,56754,31395,30624,47220,39346,38765,24312,30542,13783,5904,283,51002,5561,45670,51529,58980,11476,59025,46805,32468,51570,55898,53853,4301,45017,29353,50505,54231,35971,58337,53882,2720,17889,31166,26437,13182,1288,57515,10773,57037,35628,35866,17427,29191,35779,26969,43561,22117,55849,21089,55123,47659,47224,14987,22029,42866,49364,2397,21781,59397,28697,40972,48018,486,54555,53242,220,45581,43056,12480,48522,48529,5084,41072,33903,48169,388,58464,56412,24546,19058,28917,37444,53125,41399,15643,50265,20805,51312,12866,55161,13514,54195,18793,8908,35032,18925,54381,58287,48999,27017,37174,12993,57077,53342,16320,52506,24491,45665,34046,19915,31262,4693,23460,51527,40180,29756,35187,38311,29639,54420,46628,31898,2216,41229,51155,31985,38644,43840,30406,21654,55381,56228,6346,11084,32529,11439,38997,44963,22956,40627,11197,23649,42463,36066,51117,55222,38739,35153,27162,38404,29007,54065,20403,56905,16363,56462,53681,40028,45458,27938,12117,50870,49448,1967,48354,18797,52133,27811,30678,139,9660,38376,10022,58650,3058,50873,13658,2705,52214,16877,27646,54956,574,48312,55295,26223,32959,11888,21898,31509,28552,3363,43783,56206,50668,8877,19614,58716,40974,13661,12736,52146,51481,44851,1186,34570,39626,51041,35245,26548,50251,27685,36626,34763,3171,39083,17190,30258,33538,42336,45747,55302,1153,32690,13590,18030,12142,12780,13251,49986,2382,33001,24954,45172,21430,42301,41974,25224,36994,31628,5073,14319,24923,29884,2877,32101,51045,36637,58321,23860,25438,20279,20460,33826,24089,23672,52375,8083,57275,41224,24815,48390,41214,34896,44132,30148,41028,11136,17295,815,35713,10491,47576,23711,36259,54302,18896,49930,3076,18495,32830,51121,13907,43314,8325,45437,54716,44957,14755,1370,7557,22447,50326,50795,6519,50828,39124,38855,17242,56161,45312,46309,50352,47506,18615,38467,35696,11280,12242,45089,57017,42281,18635,25153,44871,23412,59154,52691,12035,26388,7943,7348,58906,50040,38520,30314,33332,23960,55057,31690,7680,54945,36088,41024,30525,3461,58574,34986,3955,37855,50753,13844,52301,14785,36323,55055,14621,23326,57700,47246,36662,20406,48948,42288,28895,29017,55809,4474,38239,30804,2078,29063,42983,16597,13360,6046,28911,28808,32029,8282,17342,20608,34158,14855,59350,15036,53112,38614,14484,39646,35553,44713,5729,2238,36505,24275,53843,18354,42729,56639,46839,19073,23652,53693,18999,45755,28610,52440,55845,42421,51058,26258,12342,9547,53992,6936,55843,39467,58222,56158,15324,58819,51751,52275,59854,17397,55556,34812,45332,31618,14635,18839,54823,23342,25823,14626,33682,17672,5475,13510,12051,2307,2843,16730,29876,24178,48276,7166,12605,39757,34273,37746,3710,16670,25716,19036,16679,24066,16764,10363,3623,25343,46131,44868,17274,45605,55607,22275,57812,30302,15798,34537,24600,10381,49932,6478,8,20501,30544,7053,10617,16309,36422,59700,28221,54815,41467,12383,20667,57986,14115,53949,18069,1515,19657,18717,58013,24990,13308,29066,35479,35142,48636,51339,53561,27803,46478,47247,21501,53791,43480,26985,58918,14016,31325,22983,434,17807,16073,15321,22922,30256,39825,19088,25707,36240,2932,17731,21454,5424,11554,49707,29002,24457,1653,8505,5960,27053,33615,24527,6435,23801,1360,3586,43101,36379,30248,11277,57768,56658,40322,59569,39618,11933,57989,963,59698,5654,58777,20800,43272,56691,3574,20688,38449,39997,18926,20163,48834,29299,33481,2372,18006,49680,29271,54158,47366,48469,38993,33435,4541,11269,177,55570,31590,8124,32418,12495,57919,18391,31387,46810,2636,25585,18677,44724,46501,53580,3389,40860,13280,43954,20234,45001,8658,16237,24677,6076,37286,44885,56382,18358,44460,55242,58377,29892,48398,22348,50245,56623,8554,6709,45782,14921,31889,9111,40731,34590,57833,57030,42484,54439,39767,24580,2821,19410,36372,39922,20417,32906,57021,25923,4817,36060,59431,58201,57547,50131,43070,12000,14830,47605,38807,58231,30557,51331,33751,22218,16325,23608,43870,2420,34438,59657,20652,1150,25147,1825,41979,55999,13838,20085,19528,26447,55704,16747,3228,45910,49224,999,1809,14271,59551,3578,45220,34348,59344,12880,44487,55798,3690,31583,23284,14466,13324,30668,48748,34013,19709,5943,25032,38095,41959,38547,4175,55404,35470,51333,53317,3138,35732,28855,28580,36134,56801,34714,9496,23268,8227,49284,38635,15065,4370,21659,27878,46233,38452,40309,20753,14075,14872,33923,31478,41345,47616,16732,33939,14611,35270,11420,35792,13296,51429,51261,2495,4055,8763,46504,31170,37501,22469,30583,34279,40196,8906,37837,41566,53017,49007,45349,18028,59639,57072,53663,15734,4257,2846,34004,56186,23702,17436,6833,11048,57980,38044,21036,34230,34367,14887,45393,59369,20243,38786,23374,56182,40209,14927,37496,1291,5872,28317,24592,55113,21955,47353,38104,36574,22065,19090,58007,8147,22105,42874,5067,4328,34437,14128,33721,5129,59092,44629,29473,50646,8567,33115,1916,6967,50358,1782,55772,7506,59608,29819,6501,2380,52504,56693,18192,58451,41589,57935,52616,3371,47062,3075,25090,1561,28505,1064,49094,34010,14456,17505,49878,43098,22796,59339,45995,28232,11433,6038,54107,50791,54215,18331,1918,50773,14211,31175,54527,10478,14629,30622,50652,5436,48967,14909,48600,34609,19663,12351,36714,13350,54125,29646,6933,50342,15209,20310,37111,21071,39637,47447,41525,8610,14455,1937,28436,24281,3375,59268,19511,52865,23120,46510,13525,32288,22722,7131,18066,2452,35769,13929,54976,53197,45222,51348,23790,57135,53011,15880,49399,30467,12739,54335,40563,10714,59527,30700,41379,44987,24496,51558,27267,32612,46438,6974,54161,48226,47893,13507,53747,25513,53623,3635,25633,33614,53574,10412,55971,49190,32420,1793,45162,2933,32886,55303,357,45543,15972,36659,12576,1340,58165,25925,14633,42251,44666,58608,666,8164,41278,43366,56906,17832,21114,59352,48818,11976,14044,56180,46926,43033,59402,46408,42829,12034,33866,15959,438,52526,18209,25086,23146,7918,30108,56414,9157,25327,4515,49751,16873,7088,51053,24362,52925,40132,12490,59495,58405,28789,30527,26576,6987,10705,17744,26976,8134,9896,18708,55764,15577,3608,9301,41997,20267,6376,37266,24514,509,18322,17954,22331,29881,38155,16132,43545,57566,51265,46246,27828,41857,45562,2274,943,39777,9981,49868,8517,21399,32929,23190,57945,52798,28748,40889,51399,7084,53005,13452,18707,10782,21974,30964,35291,3500,48727,57630,1692,21221,51212,16866,45509,54164,13272,37032,13266,21932,1325,35533,16702,43901,8642,46627,37343,1705,59318,3832,40765,21382,50349,10926,30429,36952,28094,23051,52589,44267,45115,43431,42017,55528,41935,2514,32880,18909,57649,7598,58851,43909,27117,33158,54621,16718,25138,4289,45735,49118,27382,21859,28085,14642,18586,40151,53947,2593,9562,41110,2890,32922,24044,14645,47989,56634,24714,31307,55505,48691,13715,4624,37802,54098,13784,20955,37745,7699,18555,8643,2669,41413,35733,56963,14748,57598,16878,18088,56460,30912,4518,665,16196,22804,52941,11521,13595,36718,59589,27615,58527,40170,1857,18514,2590,33496,41144,19168,11436,26506,55483,50069,49832,28383,59796,26613,31533,52860,20865,25192,42266,3521,49004,47269,38127,8520,8785,7380,3877,22678,36677,4497,37688,17476,56928,28019,12752,23111,54044,4054,27664,17593,42812,53651,47854,42950,44414,35980,7621,27369,10357,54303,56609,40951,34958,58149,23006,24709,41948,15125,58921,17210,21244,10139,21577,5519,31462,15157,2770,13172,44443,52420,30117,3679,58621,1818,26516,45003,35319,53652,7477,21511,12807,12280,33438,54535,35803,57529,23277,21438,41746,15341,49847,51812,37975,4305,25141,7850,6224,6332,7727,21156,55565,10021,8539,16760,6083,17990,21321,1728,16846,49131,37378,12462,2837,54869,40939,48168,40997,5579,45480,50094,24606,13202,35193,42592,50141,22470,50499,58537,23282,15548,39696,34677,8999,35430,5602,41434,41417,50854,3625,53525,6196,37315,9085,56446,47998,49014,27109,31439,21545,32516,58648,22327,52544,47502,32766,25850,17838,45777,47008,28056,40966,41134,50829,3532,31820,32827,2834,35045,29237,17624,47789,54830,21652,54307,25037,21206,38593,47649,36862,45943,7479,44769,34173,13009,58562,30196,48796,15510,24353,10138,6066,32730,17758,10757,23936,9825,46960,49579,12743,18152,24123,37751,649,27107,7964,49412,39952,21597,32109,46315,819,26553,14090,23484,48699,6660,21778,52619,28924,3906,53758,41322,32174,39609,23181,35087,41645,15394,43710,2082,19609,11755,46954,24143,7454,30904,27365,10315,10973,8471,12267,7883,37413,40685,32854,15142,6364,59984,49474,44001,42559,57225,40509,18309,52155,11220,47734,39563,6727,42831,35764,22973,55075,24577,12415,58753,19990,52040,21934,23826,2747,27246,1054,11004,13504,23179,21077,41162,47350,6131,48281,48739,5764,14913,59719,35862,18018,1779,25490,23103,16716,46901,11974,42614,2141,13378,28641,4150,29042,53044,52093,32949,51941,11931,36477,42026,33441,36024,58522,52508,35052,6752,41849,11183,33540,14917,19929,27758,42294,42243,58625,56345,29108,50454,23052,42511,19496,14733,4585,8564,11879,19745,57265,50544,56396,48176,8693,41370,3968,33984,37439,52242,2701,2044,30400,9439,4588,3936,24255,56734,252,31977,8272,25737,40900,24742,32125,19034,52927,21268,58655,30587,7176,15262,14862,14932,26870,49545,8868,4504,54861,57473,49917,21663,45475,50534,15957,44515,16983,2050,16104,4422,39698,3932,46180,40367,21473,35531,41887,12333,20994,512,787,48447,22079,45279,53219,26654,14419,3680,34579,14742,18654,47315,46103,20694,1349,54867,56187,45858,52633,18477,29618,20225,39648,30389,49970,29370,27692,52210,12098,51690,34411,24829,30070,53212,15433,33648,35335,50954,38309,52402,58736,33287,16417,24173,12635,39865,47381,19872,21004,4454,10742,14134,19849,51377,5495,35637,20014,1308,56605,17388,51629,23496,23271,31011,6416,50877,17080,20459,12715,26981,42808,39956,59615,26745,1176,14853,6982,5118,50062,18887,44091,3323,18765,47099,5234,29417,50271,8262,4427,30818,15100,37785,22299,49826,35227,54146,57676,59131,42937,47231,46175,53288,6060,32355,10398,44637,55017,45927,54534,56383,16066,20506,29387,40422,2605,6308,55166,58855,31279,48286,19025,14875,16643,56444,39657,2803,6768,8526,14668,30545,53359,9992,56131,37544,28638,33825,57058,6280,58163,21698,37742,54920,54879,959,2781,19721,59445,31667,49808,19401,47699,19977,25696,19525,706,1336,18638,50869,46508,30451,47897,9696,9126,42202,54651,52651,5215,52550,46281,46137,27701,39022,14520,12984,55454,50262,8761,42613,46565,54190,7619,456,18634,34383,59485,33463,58388,9042,12554,13068,27691,6923,37927,44537,5308,2926,17754,29240,55785,1969,47832,13335,21054,40142,28130,44720,24080,57400,37681,57386,55368,17311,26696,5524,18800,38763,55380,5979,23802,131,2032,13295,24582,12783,6357,49461,35235,39521,7067,34886,50543,27158,38430,17469,39194,46015,34207,20374,47714,31248,58619,52157,50598,57524,49921,44428,17825,48829,25634,55738,49860,22726,30180,57205,58591,47871,17514,53372,56519,10189,34264,41355,22140,29685,15673,5587,5326,9164,15985,24579,11116,28400,13152,45040,52683,59253,6056,7743,32465,51505,52405,21169,23043,40528,40445,44015,28604,49966,16649,41381,10631,31680,2913,33475,22202,26534,1456,51007,24936,34219,45477,15902,38634,2870,17615,9970,19807,55881,24188,49332,35192,20709,38818,10467,7209,53765,19493,55219,13282,4981,59874,31506,35658,49079,11494,42500,9018,44804,52655,52815,30970,19301,21239,2662,56005,2223,19031,5736,30665,42173,38727,46982,17683,48068,41752,23426,5845,57530,42116,13600,39232,51365,16557,33606,44573,39021,44696,44650,20577,11074,50109,55053,19099,32564,46055,45468,9554,13831,43841,45555,46090,24240,16222,34426,18786,47420,23324,11948,56612,35627,26264,6053,36483,51464,31431,8066,16497,16063,879,36980,20201,3069,20070,17023,37197,40558,50052,53060,11355,3851,50212,53891,58349,26103,57975,29310,8188,12602,44645,48269,34636,50121,32455,58486,28048,11141,49302,21230,15135,19232,38510,46561,24674,7211,32971,48010,43620,38915,26458,33612,44817,8971,35313,28787,31457,27752,24431,42832,45288,43159,45085,12574,46214,37160,40081,39881,47000,24427,47319,22408,23812,35931,49059,7829,27977,56330,9491,18500,43998,3589,45008,8509,27821,3350,32689,16745,49163,51322,55311,41123,54484,45234,43474,58485,16393,15454,25159,47757,52362,39679,56375,28539,37909,948,7616,31566,7145,11171,2133,39901,39752,164,36466,40487,57040,25426,44977,1979,59342,33030,38098,27816,13758,6928,22633,17983,24440,36569,31632,52021,40607,53348,9362,31265,34315,47818,31697,28724,30948,56762,38854,37633,25384,5447,34622,3609,37108,536,35867,11472,31405,16228,53037,49208,40660,50957,3959,2239,44675,977,51523,6555,8756,38561,48886,45071,37943,33536,4448,41197,38599,9203,55705,2281,20482,48026,27840,17743,56909,6269,12814,38516,4025,51390,42156,41107,13216,27507,24605,13571,50560,44477,50554,53821,55281,51415,52518,54852,49758,16084,35989,54516,28230,53153,33993,27778,30101,54174,31541,44659,53093,33099,45331,34205,55848,11938,7595,55535,15475,34510,43459,15620,43702,14226,34043,9745,27243,23809,53822,24813,35122,36600,40963,55974,52302,46973,27612,11497,11276,52575,35186,29766,27146,59670,49221,46548,3760,36331,49470,17012,36916,429,49947,1628,22880,52244,19620,25282,2577,44972,23158,2214,41789,23265,4051,44407,15423,34310,45967,50408,34088,38272,59889,52623,15609,34317,9492,20819,38837,16875,54207,50493,30832,7393,13123,49916,33828,34091,4739,19679,58178,59203,7534,14254,17994,24884,53468,28479,16224,18023,30173,46292,14345,22639,19810,50577,17470,20038,3777,23947,15864,44557,1902,48510,12833,5178,14544,43535,23288,45848,4557,372,2615,48583,55247,37988,54973,1558,59053,13688,28937,12818,28252,38418,23371,37341,43108,15637,10803,32688,6778,32352,27859,30100,2740,53801,19581,50831,32622,7177,13008,37717,40214,3167,5047,21804,31346,1026,41207,16164,54805,13151,51940,22992,56669,16354,13493,41014,21645,24128,26987,7405,20783,18312,44862,15105,20314,13125,36687,18284,21928,10722,31065,41447,35852,9988,48500,5854,26859,6950,5050,9163,57079,40642,35354,21252,25567,58049,15541,38972,30514,31949,3369,21518,25221,5464,19888,57160,5408,43371,15963,42028,26129,37105,52581,58811,2417,33101,34382,2153,21982,31608,42689,12269,22043,30083,53941,31882,45075,21505,8967,10485,21728,33338,40016,55072,3502,48652,44423,36939,38324,15314,42877,12664,1570,45997,55171,17521,50837,58618,1342,39591,18541,6772,16835,38066,46884,16944,25422,20215,20518,58571,35422,33297,46349,40019,1110,3862,54965,1187,54495,2955,46165,49827,7208,47454,45010,29791,55828,48889,6329,38518,9177,23234,10596,12890,24788,55298,17007,50095,22154,50316,35420,46455,12613,35660,23428,45736,45616,12614,55029,37772,21569,23955,21624,44422,36897,16662,53480,11818,8569,16100,28444,14672,16137,43254,13561,243,56573,28261,52570,5531,56192,57985,448,11990,21926,35560,47817,52698,48216,31869,43552,35019,29626,58302,35239,11851,22454,41644,15795,12644,39244,18426,411,40324,19753,21479,49685,16502,17848,51183,28162,29375,53859,34706,11317,52831,43263,56690,4857,49699,27032,12924,33607,17232,43063,18212,21814,23164,21568,51722,14678,27293,33806,568,23245,57972,58429,28299,22169,46883,24548,13894,41892,17809,39271,55367,50287,58312,8383,9025,57640,43704,5056,30855,52741,27314,34817,11800,57592,5842,56720,18000,26114,25004,3406,35843,29670,39261,6300,52188,25133,24258,16690,26320,8538,32514,12723,20024,43967,20829,12110,32866,19869,37482,51917,28422,33231,905,38916,30289,52779,57614,14728,43190,8156,10378,21685,5658,2878,43574,56203,27457,25729,32367,40543,51621,19743,39216,40486,13850,35752,36445,4049,53628,39561,49900,562,30864,33160,22885,31701,20909,44833,5235,49818,47916,21883,3263,33905,36116,27894,22642,25808,58458,12883,16163,11630,5975,33902,39461,59455,18543,14983,40601,49424,51927,50506,248,25432,34699,15538,39004,45883,14193,8664,30753,35584,27407,59532,22988,10727,4875,21449,17076,37427,5884,46400,34005,31162,43367,13760,40848,5550,59737,55986,4393,45173,49509,5152,21218,58452,20487,11941,58390,42123,45418,44012,49204,41113,23202,57456,20440,19782,46666,4355,24670,1529,46202,27996,55481,31802,46386,10758,30413,18019,26137,9378,6890,39685,48116,53745,56378,48220,20987,15512,29584,44695,31584,50188,17941,12331,57631,54579,30711,21003,32379,48221,19279,44054,18004,47470,16306,41898,25373,27016,23380,41546,30346,5211,34063,9131,5849,36674,12434,1302,23569,39664,51336,58435,10248,51459,35386,35808,41147,56056,46612,36051,53548,18848,29867,56811,54268,21300,33029,37285,59595,14186,37977,33241,55501,42543,17048,21487,32253,38074,23352,14846,55833,39700,58239,49298,35887,41901,33876,30208,44022,43128,17717,3559,33815,52632,51678,34037,53529,33159,22461,29746,31382,54675,48423,6911,9766,48348,21131,24094,57779,48622,49820,38523,58536,14537,45427,13164,10675,32139,6630,44889,12406,22632,25921,20199,42995,24370,42172,59429,42057,29058,12697,59077,13074,17366,56728,45171,28826,38579,26645,5992,36543,6879,36996,18347,4016,9087,45025,26294,47694,12428,6999,7610,22517,16958,47139,14399,12472,7544,40144,47534,26327,23852,53585,38901,2317,10760,7141,26166,35138,1627,39483,44940,6867,53618,24566,12804,50156,49490,47657,57120,52823,12740,21787,51903,50604,55252,9949,21079,46586,18020,35837,22319,58926,22483,21329,51733,37392,51510,57090,45006,32955,28887,20401,3287,4208,15112,16946,17631,57161,9924,49442,44456,43441,13579,1814,5801,47434,1605,42805,14841,35772,33811,50657,48034,21039,37027,44227,26222,34305,28803,57664,48860,10883,36105,15886,53945,24386,14724,58647,47855,27279,20791,7808,59031,39531,30020,30323,45078,821,22411,27111,18972,14738,24095,51250,28624,7613,49890,45387,20917,32826,56793,54824,21478,34101,21744,47290,18163,7571,33996,59304,21464,34276,4056,58769,2310,10769,11899,14062,51749,38965,36263,3995,38461,15823,43872,31918,32004,369,12136,51777,10848,18440,9682,56431,48597,8437,17656,48745,47763,54332,27298,39566,33229,8873,48174,2935,50821,19273,5105,37674,4380,2115,27680,6758,7041,25212,15713,18218,43621,41906,26563,28336,49537,18107,45107,53669,26791,19840,23848,49444,35178,48862,6093,25872,19294,31586,26483,47277,33227,47907,33874,22004,59499,57667,24429,30810,36751,29208,26237,7597,40891,24620,26765,44550,6566,21237,35641,59714,22003,11601,23550,59047,2290,48577,42002,34689,11145,34349,52259,25487,5341,57534,13684,9462,20112,24956,3729,9077,23311,50020,40668,59119,20161,15373,17134,6098,14032,54631,7501,6249,14573,14073,17163,12377,54969,31665,21372,48731,16939,46550,34696,36229,33858,23340,17543,14347,40885,20680,6920,7693,2427,29488,39020,39964,36065,56832,26299,13374,50207,35214,7059,13154,45038,57751,850,23737,13104,8353,8657,50914,16776,9004,839,47799,5148,34531,5837,35436,16696,3552,22443,34095,56630,39524,50700,24785,7420,48020,40702,35812,53706,43887,20388,13341,56589,36904,56717,50388,59586,47240,23259,2699,37437,55142,35785,17222,51889,12570,45275,48369,43110,35901,26002,39831,57844,54712,36406,30747,47091,38286,38092,28871,37558,7761,46755,1567,3032,31381,19500,41942,39430,24772,9877,17032,31973,23140,33434,42850,44242,39973,39077,17421,48183,45915,47735,50742,29820,33493,55465,2739,2664,25225,34329,10913,10253,12143,5100,20282,24530,9129,14086,50139,36386,30434,17425,39473,59001,15887,57351,12123,19169,57839,8101,19289,50260,42240,14805,14990,51963,14483,33780,5677,52081,12546,30225,56508,7335,21774,30724,53610,38247,53598,39747,40029,42578,39008,4046,54937,26940,41362,50223,27165,38251,39849,33863,1260,35050,26332,16615,26238,36321,5019,56722,57494,11540,5627,45946,48963,52878,6753,50024,36182,33800,25244,40657,29757,33710,35662,7213,28733,8050,53407,39411,26308,15511,25912,27638,25109,19223,6259,15122,29768,21949,13223,45841,59672,26694,29461,59123,1518,19342,65,25026,29294,29490,17361,51613,38700,13863,53052,31805,49600,36609,55034,54436,17667,26573,47876,56807,54170,3143,32328,7778,40216,19871,2995,42693,56826,10789,2003,38484,1216,41232,54699,14821,8080,38668,6421,29582,3961,13939,26621,9784,31254,26401,5089,29938,6210,41096,46228,20155,11845,20566,46007,53597,36848,37612,21671,55040,1839,51035,57055,12109,1236,11756,19532,14373,51151,12417,54386,14380,29775,7556,14768,41504,20106,43934,28809,41145,697,56804,49388,35711,57082,49570,47027,2343,30908,57585,42432,42603,56759,17718,2092,58110,48746,39534,39038,48120,24008,51821,52411,37422,26077,54104,34961,48395,11545,19420,50606,30002,39658,15615,22468,45941,7685,28478,55449,2861,11605,557,4744,4391,48008,2257,19707,22122,23753,21626,35092,1535,3795,53834,12307,34110,37758,8038,58094,28566,55510,24721,50424,16625,59236,8131,34082,53667,36728,8158,52547,47802,50923,8215,55154,49018,51729,13682,4864,14970,57939,24562,24486,18509,12068,29859,27790,55267,1587,51037,26577,31155,37118,16613,10220,20716,50532,25500,6153,13140,2252,21254,14772,8464,46630,54687,17491,57139,11431,21445,26572,24365,40441,39248,4372,56250,43156,5995,16006,4570,27756,45893,17161,5723,52015,37057,46610,39512,26310,31633,15011,24232,48864,47895,43647,28488,56234,48337,36301,25917,23229,27716,39880,23134,34921,47572,44297,16059,4216,7440,42527,59493,41716,20546,44615,18548,23495,59070,24122,52885,42265,15180,23837,11834,8048,20980,41635,30536,21735,5899,17439,20377,1844,432,23083,58893,55198,17256,56478,9549,36417,21340,31714,54274,16031,18485,54594,10870,35101,16818,32076,13918,1536,57785,40465,43434,11030,1330,52322,48713,498,2065,25470,35921,45684,51435,14602,32503,12754,5482,34661,29782,17250,36654,51975,29284,53960,14870,5585,47722,48306,10529,39201,49949,53010,12730,8968,58266,33918,39197,41397,51905,34710,22440,44978,51977,55590,19706,8821,43016,14266,29948,20971,32670,41581,45708,29238,39792,29761,59259,42709,59319,44180,1296,2939,49310,27265,54578,59420,58605,33548,33821,24096,33758,49404,885,45924,45300,13614,22977,11273,34843,52239,50241,14310,20405,51036,10093,8151,19629,14423,20969,4484,25150,55419,54139,31979,27929,13007,45219,4675,39300,51034,5568,2183,3324,55930,2530,37317,44590,11969,23130,50418,2656,33549,24896,8943,25563,33219,26527,30829,35811,23278,52835,44612,41446,25586,15446,53751,51419,42106,4926,31813,23601,29045,10238,59818,10676,8185,9000,32997,57104,28482,20153,44083,54194,29720,42389,2209,58443,29928,35011,24248,25675,2621,1392,37167,49979,51750,43749,28879,14324,57068,11751,41005,17402,22518,2303,58975,35426,41306,51079,23912,32676,48803,44678,57461,30119,7527,1557,8225,40673,5572,12086,5964,18327,47939,19998,27955,6192,5430,26966,42747,49042,53321,48571,47349,54672,32585,22317,44120,3642,5033,53633,29880,6506,50516,13909,46303,34659,17775,30537,56496,28490,49936,34769,54775,33515,17359,3426,33841,6013,51273,56572,35216,35800,57323,24571,29227,35697,40880,18723,29704,45864,59165,31390,21093,53860,1927,42318,1666,11352,46916,52721,27166,39049,17324,27928,56881,57250,6,35569,33838,19327,36175,58031,30241,44988,54752,51916,47408,23224,52057,44442,37399,49987,37755,32069,22088,57341,520,39211,58260,9645,22257,27989,47216,44958,30469,33575,30664,5660,47212,51620,54963,28099,25768,17789,47785,20801,40584,29221,36111,33182,7471,43034,37403,30508,53951,5684,8726,43665,1884,25057,59564,10945,8559,30443,15895,17118,23094,51115,5969,59147,57766,26240,51466,301,18253,25863,44600,28169,39057,35364,53259,48097,42742,15473,6230,22086,6344,58762,53977,9381,44797,22027,31668,18752,21366,17177,15435,28663,20664,51522,7817,29291,11538,14688,23116,913,8054,18642,18406,30127,30585,50843,58172,6160,45505,48857,31874,22856,22221,8632,4428,50977,34362,33200,5463,45135,58776,24454,4212,7234,47700,12606,39212,26244,8815,36646,29684,29012,57669,45981,33597,39955,3440,31327,29235,25839,22513,3106,21290,29459,59637,49352,35946,26476,16395,45013,34186,35505,17960,27743,56248,30697,2581,55976,34193,18622,7975,42783,44723,40439,44049,4569,56733,49455,5812,23559,9753,28607,49700,36724,56079,23329,493,22555,4509,35006,16604,56889,55030,59554,56806,52061,52446,36302,33398,28292,9919,29799,27880,11250,36525,8362,39080,26891,54548,18563,40639,2855,58081,45410,7207,25560,18127,52918,8356,51892,41544,38814,13866,47767,860,8472,51288,44020,36648,52723,42656,52115,50609,553,265,30805,29024,56674,41931,58687,50412,27258,55415,59658,17735,39511,26078,55853,1906,55328,41171,26521,26722,24969,47943,22984,12236,17468,44510,39178,41582,26207,53700,44936,39081,31709,15626,50182,47232,26710,59468,23894,55593,19219,30474,59969,57126,2873,56123,45961,10319,6026,21186,2127,33660,56642,878,59298,52545,22006,6970,51320,42764,58012,2189,38142,47755,598,7513,54592,32943,5461,44240,6542,15485,13771,17797,26896,3889,38905,34867,43903,23417,23540,33250,27596,12711,11432,16349,54214,50835,11012,38119,54404,12950,44531,179,7181,50511,4855,50085,46260,43630,29248,14085,1783,4667,46868,51512,20745,16494,48155,43651,18833,7914,10107,33249,30115,37122,25020,47445,23444,30859,59021,39776,9829,24528,34738,50485,24371,32059,51514,31291,22590,1143,1131,35586,34937,5744,22431,39145,37924,43088,41613,44870,55984,7771,52139,368,32190,37733,28160,22304,29913,46266,21432,41438,35064,54370,12113,32309,27000,55282,8850,39196,57380,3930,2446,7140,50502,42992,51774,42802,28098,8205,44755,38105,40116,351,13119,17968,17856,5560,10632,13630,21649,23969,13371,9658,47005,33624,419,27004,21097,34847,31580,57871,34435,44810,1517,23662,56688,25894,23061,58187,44107,17001,3372,41163,23965,48706,47078,35909,19913,21022,27537,14766,26200,57311,19820,26472,39890,730,11085,24152,18341,12500,14823,209,9749,50708,48059,2959,53589,43064,11680,23127,47049,13215,43260,55228,13115,42843,22989,951,21914,39497,28801,39006,9683,21404,37585,28675,37246,57179,54336,39351,25307,2519,57013,14230,3479,1940,40922,285,51147,2483,35352,50400,31862,26690,42405,34343,9238,41236,27025,7647,35686,14130,12315,49858,4153,27505,43364,14705,43745,27913,29621,7646,8140,2513,1081,30980,7250,2836,26811,29245,18505,49019,45743,51046,22506,45442,53356,10994,3896,36564,48406,23404,45296,35659,37625,47928,26201,57890,44759,47474,39192,14463,12169,32582,25757,11957,45464,400,44843,52367,35943,29612,19856,13134,45476,7862,3935,32451,7648,55539,24542,53345,50340,19079,21422,26428,39422,20712,14553,22078,14935,1895,24306,32681,44501,7826,2868,2494,39781,35991,39035,34694,8648,25121,36373,32706,47838,8837,36069,38308,32402,12207,48105,31420,12091,44778,32260,2982,30377,36075,30235,20582,20066,10172,30167,39320,8012,12299,7296,34481,2525,53913,49863,6156,11311,46326,15326,10889,45187,14826,46581,18460,41329,21281,44782,25700,19059,46203,20932,42787,52654,49446,58242,7971,33100,29583,36982,1322,15370,41879,53482,49577,7899,34800,6654,5769,9312,8595,35025,50745,38866,12847,1095,21314,31491,33149,40311,15659,39927,47236,2083,56168,33081,29454,11356,38884,16996,50631,24948,40883,11815,6319,50902,13196,51467,16637,4776,10046,23483,27767,47164,46173,53719,25392,15468,14998,33694,40290,37603,11107,16323,41803,19197,46706,34263,55416,5737,13737,21442,39803,895,37100,52732,29460,16086,14925,11342,11765,5003,6016,10839,9252,42119,6338,378,5392,58744,16789,7687,36744,31480,18171,54117,32408,9768,10212,42160,14364,21587,26746,12884,35731,10073,29025,57502,10014,26028,13596,58877,46846,6996,7065,5177,53443,32043,13976,29529,47740,45291,34972,50720,48441,34364,9580,53444,31404,47069,32875,8406,56714,1575,40413,52233,45699,16042,14360,7863,16641,29484,47204,1554,54467,38244,12799,20505,45548,25994,810,35558,22416,56077,21838,23964,55637,58303,12077,38036,44853,40664,17583,27408,12877,32489,7119,18757,36823,9017,1062,5265,48238,58983,49708,23549,8699,17528,48072,24420,13742,8802,26377,41457,3273,26198,28347,28842,8110,45059,31578,52109,24713,17109,20448,48344,29119,31672,35826,38822,4858,51342,3435,29537,28037,14743,22007,26764,51539,58996,37965,55014,49037,37021,29654,51908,7633,10213,15233,44031,36471,53382,8355,5988,38415,48175,6436,9964,40075,22536,124,50154,15278,58864,57641,97,58549,26812,34177,20229,1496,20914,13544,56645,55094,35371,22261,41128,35541,32289,11106,44826,6830,28972,52106,8169,40893,38076,59062,39003,31881,21493,8430,25602,24342,10415,2876,20340,52576,4528,25263,33619,2480,20408,7298,25977,59518,20526,38755,38760,9635,6652,43717,15608,32066,14679,51277,58398,24059,22210,47901,23013,36517,36598,4331,5971,45388,5350,2921,48668,47915,35574,41870,52238,57398,15954,32835,50635,25698,30995,44992,25965,23935,30466,6099,7235,58064,49419,19240,34408,29894,28377,32323,33948,21421,12433,18117,57690,14836,5471,15459,33894,44087,970,16926,8746,53303,11778,5532,25886,52003,23636,57416,36710,4053,35967,40497,24047,26833,50617,18357,33071,51891,42548,50488,8589,50624,34120,50395,517,34954,45564,31644,13141,10076,18237,57740,27540,1850,34920,16135,32660,25658,29188,38069,43813,13681,22428,52840,2969,52533,44770,5903,5095,59879,38435,4171,4868,13766,45635,6472,48383,28311,55628,2644,15536,56463,54285,10671,31127,8071,3811,38860,9081,15920,39451,32184,21038,3282,1463,30338,21952,38567,52250,22008,7253,29030,19163,22072,48804,34936,40748,26825,36230,12555,39368,43796,6836,51939,53713,6261,813,17746,48535,20258,9209,16118,36010,19739,47706,41410,28762,46739,49156,27235,46295,59781,4079,14060,42293,44658,33355,42930,44498,52541,14348,53051,3212,13724,33365,2980,13586,13306,18607,4602,52089,37794,13677,42704,45489,11115,42250,55802,55581,6915,38416,59359,54156,16870,136,10349,39553,19199,27219,9966,6144,22044,32415,49468,58167,44739,8960,13764,12910,34111,40653,35685,1595,7307,56827,55079,45215,8320,14835,45686,241,58894,46594,24716,7391,59867,6288,16811,52063,17560,39403,55067,2098,49945,31417,29218,17516,18579,6508,9067,23239,58825,5135,16287,44676,21357,37466,5902,21510,14711,28211,46056,22176,32731,21267,3447,48628,20844,32709,52617,41064,19586,33026,41529,33023,30870,47488,32555,23235,25541,42472,43299,42067,27001,48464,34735,29111,19513,44789,33593,35791,55746,57039,28976,37910,50339,19725,13442,44830,52490,55050,9460,46741,51686,10963,26029,14063,5207,38401,1933,13872,379,18553,10508,15009,17345,45181,51119,42750,55106,19287,36494,25881,53650,11856,2091,2041,5428,38385,56072,1948,29631,28112,13605,48397,17186,43596,33936,16752,32653,49402,5273,44981,52471,40637,44404,26291,42659,25755,39239,3455,55855,43280,44058,36486,59378,7340,26278,39834,15799,23919,52611,5054,8142,58590,4471,47552,43131,12008,27604,9541,15410,24332,1837,46428,13279,23976,36647,10615,33736,33644,18961,17842,13212,24090,2591,34406,43246,46637,14270,6367,30761,58692,7157,37502,42612,29047,57315,8584,56227,2465,58699,17054,57012,58383,41646,20361,14778,33411,56744,38542,26248,57083,25876,6608,10453,17539,13004,11572,30280,2582,39254,20412,29934,49074,18398,43898,49759,41273,41820,964,9909,14992,57752,49622,30005,13501,26885,47087,5360,57171,7070,29905,18852,57413,7102,22128,28712,42749,43899,13274,47205,8364,54895,6910,31603,48434,56766,27191,12592,1145,3855,37203,28511,9686,3217,18270,12214,44268,48045,299,46280,30417,40385,14695,58124,1800,34543,817,9124,27935,26389,52730,3996,37860,52409,43543,9320,3599,48342,4853,31289,17322,9866,12875,44326,7984,57396,25620,54736,49725,7522,34798,43496,42893,24678,43404,58304,20373,58563,6600,5990,56049,15311,2173,41558,7879,6517,41176,3258,9080,15078,41367,4384,18371,13468,31505,32897,56473,41693,52935,47257,57749,30113,20089,5369,59573,51849,27860,11791,25416,47557,29730,8674,14388,40768,7887,53971,50130,11090,46045,52529,32111,46971,22234,45460,33497,40197,38007,42584,51363,45749,30147,21612,52421,44571,47530,43327,19730,51850,37676,19678,34947,54719,9614,51884,3528,42502,45979,6942,28672,53265,8113,35405,30797,23214,34701,28999,49471,3428,21647,30876,55098,49129,1548,44088,17999,29466,54819,19671,49745,55655,6216,35978,32143,54507,9584,53228,49222,8964,30275,15814,22978,48589,50561,40328,2897,18628,22702,38296,59599,45065,40155,55633,1525,38221,56940,35893,16684,10489,49649,15023,49351,12174,12995,172,352,31393,58269,55036,52882,14470,24383,20571,8930,18285,34797,41975,29846,34981,4991,21993,17557,55674,19211,827,1947,55564,57392,22951,16045,11708,42973,444,10016,2403,58657,13754,49431,8700,19233,2074,29629,19984,51182,22588,28404,57735,46860,24871,12231,26193,20064,17064,53201,35281,40364,13940,809,55716,2443,54554,37253,54298,46013,50357,4818,18124,15206,54472,44478,3215,21389,19048,38789,24419,6840,4782,12399,51547,23478,23005,35559,22955,4945,14342,45958,7875,55068,41009,41167,18352,7257,18845,51387,48551,11104,44932,46054,10067,4297,42375,46488,4773,38455,20964,10029,12045,36740,31267,56208,31636,23429,58615,51594,36039,15598,6878,28919,29933,5740,22220,10641,49711,29577,55039,10401,8461,8854,46995,5102,9456,8919,16426,20387,53344,34569,4367,35442,8965,37655,13226,50747,30757,44913,37089,45264,29758,7435,50022,34250,10620,17117,4072,9624,15888,4707,4261,11124,33142,2319,49835,54254,33295,27260,29006,57856,33810,43701,5176,35554,26170,14814,49789,37411,22557,3922,16532,26671,18144,6101,203,43520,51434,31627,34773,19353,51251,17440,57405,26040,9903,18180,5505,5749,3113,26120,1191,31753,17416,30188,20378,10656,37133,27526,51262,4574,33152,41320,59630,53502,58285,34558,35663,40294,57511,46452,49560,26173,44631,3886,36669,23793,857,38277,1840,49838,43084,26087,38492,42253,34127,25732,35588,9196,54212,45726,18132,32400,13377,14302,27622,19362,56068,25293,57951,36112,15245,14228,13255,57199,42598,4821,24323,11042,21066,17119,37374,58317,12879,3342,21945,13873,8289,51425,30444,51877,31878,24060,25568,53760,36550,52538,19747,55105,17913,24741,9331,21330,611,2923,14308,24691,54272,51371,30521,38100,7061,12208,27689,11909,6875,18213,25638,46001,12749,51137,30144,25810,54243,19908,29633,21312,9775,51669,59421,37325,17888,31642,17034,18880,3174,17688,11668,6081,50525,39706,22938,34866,45891,47271,26466,36346,16069,9791,37539,2114,48559,2255,5029,36081,26484,37590,49625,48134,23266,21209,13963,17956,49867,346,10095,46736,11098,58453,12094,22366,53806,16634,51740,34099,16774,52306,18784,2315,56970,49232,39734,48981,51699,33131,34928,11588,40684,59601,18645,30231,33731,43444,19785,54438,51057,28106,47643,30261,59017,41234,12586,57322,50699,19292,52820,47143,50726,44062,30774,19561,52783,40772,58339,24869,10309,54907,19414,19868,52620,2695,33690,10337,28247,55792,4332,39333,11578,29382,23604,6636,8292,22,57460,58352,48891,1991,53645,22585,18470,11149,51022,21885,41337,44204,36971,48758,52387,34739,3121,11215,8060,32775,43243,59109,3927,25774,14581,44502,18893,37161,26741,18967,29744,18092,17055,47479,20908,42544,21925,1816,54880,53426,52361,40098,36168,38545,9586,4308,50045,29186,58990,18052,29620,32369,44481,20592,44094,18061,25372,48265,39585,17037,22205,41893,25652,43006,34062,23105,54100,53646,58250,26172,30632,8737,8625,54188,47233,19286,37849,16283,47372,45193,32663,28182,13199,27908,49326,8672,19845,14387,15894,47549,24564,40208,11101,55965,33558,9793,47159,40198,1193,27522,13647,9061,3954,26230,52168,13769,23068,39862,21513,14941,51403,58256,57175,5174,42188,54128,43793,37600,59382,23432,9308,29285,47539,45271,3024,17301,33180,42027,38596,12819,59846,19557,46061,33176,51064,52555,17445,9279,58902,2280,51268,16565,50901,27850,5940,13415,3900,57434,36415,45865,11063,32590,39385,38368,48208,18126,19779,47124,14756,1380,38130,38788,35925,42044,51421,36716,26986,38283,11684,23985,20333,18577,22576,34506,3194,52309,36129,43192,31321,23803,41527,30755,10198,15175,20204,18973,34742,51304,18474,34376,28906,34312,5197,1262,14166,47494,28585,51661,40000,52600,21829,53927,10493,58476,41960,27577,9019,46502,31414,56900,17357,30132,11795,49831,39727,3745,27411,26005,5613,22704,39957,18303,24256,44944,15917,47074,14027,10993,32673,37072,31467,38234,8039,13094,47877,29857,14494,40681,36918,55844,24233,47806,4582,18511,33554,59480,2696,27500,34885,23994,2586,53109,32498,9027,33324,51519,28300,9817,19579,55334,41045,46523,56255,18885,53393,43740,25677,54368,29642,40897,26793,43235,10912,18873,36699,43278,45306,29005,46891,27284,31743,12139,55714,40669,52645,59679,40569,30428,32737,42086,50333,9478,38135,50881,13770,52571,21294,1771,59977,38978,57116,580,7074,19143,31564,30938,3753,49421,37435,49413,42627,8317,14396,17038,52604,20931,20935,58946,48847,780,37127,8036,24648,55387,53451,25337,20661,20362,10038,50912,26454,54915,55304,28329,33546,45055,8668,58806,22380,34391,40292,38692,59193,4605,29409,5374,28063,22082,30691,29875,56045,38508,40512,42607,5874,41371,5449,28463,27593,22342,3444,6345,48515,55158,28432,12734,24572,32208,5002,17771,44153,1250,4434,51088,9590,23886,34318,37936,57997,32331,56055,16860,15750,9125,33982,56823,29888,28711,33073,46365,47638,52034,28357,16518,55504,43229,22619,47636,12677,47741,32318,35141,41223,45398,55550,3689,10422,42935,48485,25618,13678,26217,15737,19178,36254,4847,37423,27153,28183,35370,38365,43180,14858,36948,19385,20557,57470,25166,33922,57993,34291,11231,18888,50911,15884,9397,48552,1282,12620,16843,5923,47469,40504,4087,48858,38212,3947,43329,20561,57163,34192,8075,29809,42139,11591,3276,3941,604,25108,39001,8631,32628,5635,35252,49479,24394,34336,47278,16359,50195,2170,54113,15724,24739,33401,56254,52143,24330,58111,1378,17199,3813,13338,17545,37381,39198,1746,42446,56253,5498,59970,4583,17976,46138,47517,23605,3549,56490,33906,7925,37638,55856,397,58199,33293,57753,34740,56739,4889,436,30528,57593,47803,26450,5622,23194,28149,50523,35571,6039,12520,56647,51823,57615,49151,54928,25624,24020,56540,11206,44116,14673,48163,20446,9030,430,14854,36135,5683,39295,21516,20984,57564,7965,540,616,34822,10020,40139,39617,11218,41687,37457,58279,28820,34573,7083,58586,34633,32005,42932,2883,16421,29727,49612,46795,3409,39733,50514,27772,43732,58351,50282,44606,20318,53800,19878,35889,35301,33867,19766,58984,47504,54646,25331,24701,17550,42365,55497,43605,30813,1284,5444,57586,33326,55418,51936,39962,50856,59266,43158,58365,6564,14890,13959,12550,923,52875,35220,16207,40327,30591,28849,2550,51310,3953,37219,4891,40777,5409,46430,1235,22892,11296,14414,38977,39920,21502,14757,29229,37112,35914,40381,12203,46752,52436,30155,20294,4882,46983,51578,25947,43512,30220,40415,664,3686,27301,43526,46014,4671,56402,6826,772,34027,35200,29413,14543,13270,30957,53020,9222,32332,7395,18311,36577,26507,32702,1413,39501,34327,52811,51252,49348,4717,57070,28499,25458,44090,44786,37135,55025,47335,59153,48849,46700,48592,54041,58114,37917,35520,23719,42168,15783,25924,48429,48426,2676,32620,53556,7431,32867,32488,48451,32658,4300,57624,48475,47312,41487,34380,18490,13354,23163,9216,33744,39735,4209,35918,37885,52585,41231,17238,15649,16950,20918,4591,19593,56246,44340,39874,23865,56331,14780,17819,3575,7946,56769,59277,55398,22864,26806,32771,24820,39146,54491,59326,31550,39847,50731,56838,36354,8402,44368,40437,30999,42104,22119,23553,1373,21565,53488,41970,22021,56724,27115,35467,55752,17115,37163,51458,37091,14299,23656,42654,22230,31196,32200,1701,6025,36048,39864,33760,44985,26315,804,33701,52701,45473,33634,23978,29655,16979,12845,48223,8979,43562,53367,45758,28346,59583,3039,24757,31428,59787,50146,38526,6625,56651,31770,46274,8942,57198,19968,14179,45955,57965,42380,18544,39961,32864,7960,30802,51881,14536,56135,7489,37811,25847,35698,1086,2430,41095,50982,13488,58491,36984,3441,48366,43614,29096,56842,27055,43233,40325,39108,39919,19816,12294,1488,57481,20023,23806,40377,38008,36576,33348,57908,54821,37547,43733,27940,34050,1440,47088,25753,48537,27714,12859,37929,31527,55719,43428,13485,44166,56682,58487,49303,35368,54163,22637,45785,57293,9764,33267,17203,20897,11118,35459,3013,22035,58948,13096,43209,21407,11712,39028,11823,46038,56542,45079,32156,27137,38511,43461,35359,1409,36623,12672,39857,56035,38300,24266,19786,26261,35719,21348,28671,8570,1020,15493,28185,6848,55790,47550,27805,41281,52099,55614,50771,44214,61,19656,1287,46491,27139,34959,17985,40960,6239,18960,5634,40264,56308,29711,29398,2227,23707,39861,45294,17381,3035,12966,10074,48011,55061,25294,45049,58700,30631,43530,43784,21180,23297,46763,15755,32981,22684,33659,56109,18214,19331,9403,7728,38481,14357,39731,12728,56522,14350,799,50607,58217,18730,3603,25535,16706,35538,17841,41414,57020,33613,41387,54900,18610,53559,16452,15422,38400,49406,5867,35600,12853,4956,55023,46836,55653,10158,42426,3648,48882,30489,19677,44709,36469,45968,38417,22410,40776,46063,20385,27812,59669,52388,3458,6162,30627,26574,2810,51052,13696,58853,3170,3744,27793,58156,39789,28588,59618,15558,28272,42842,35771,3871,39615,11165,32210,23418,46513,15852,43573,28231,46953,36825,6626,10240,45462,20276,47230,58541,19796,22238,33524,39580,8787,16492,44419,42409,38889,31917,59549,35868,22544,21213,47133,34347,21705,30376,47980,38292,58325,30782,24731,52416,37131,40701,24229,28817,32928,54330,1538,50589,8981,15465,25996,15773,20720,52097,44703,17700,59833,30104,31686,54972,27292,1376,29866,31832,53511,34228,6924,49113,37164,34232,16884,10475,44106,32282,45225,35748,17570,38801,11950,32499,1072,34786,36707,4120,18081,2937,50630,29241,51718,37644,35543,19646,45163,56802,15106,19398,19185,17230,23353,8412,42076,34861,54625,27300,1436,38033,37335,19231,51289,30989,24967,13910,47174,36678,21680,21650,29525,49594,56852,18655,55852,47386,9553,27907,45281,50491,21635,21263,37314,34591,1229,35514,2517,34654,58054,8872,21620,4206,26212,40874,33896,12346,6351,59117,26546,32464,14093,631,6524,19516,17039,25746,2630,47396,39141,3622,43789,37723,15460,2732,10775,23596,41735,44577,51676,30425,49895,32742,12842,46877,14420,52027,7924,58942,6558,13626,55695,19041,13165,29769,26124,38729,40933,20192,48062,59865,54930,3462,20902,674,34504,5846,7036,11706,14503,52826,27730,44402,32074,58623,1803,14699,45515,3880,14988,42712,6339,46044,25309,40200,27703,16413,4562,52463,43805,29147,49408,29740,37070,2791,55258,50105,21345,54251,59110,32172,43764,41388,41295,37883,19413,54226,42546,7186,44834,27918,24523,4044,19359,43804,52407,14770,54808,5625,1048,26933,45482,47639,40830,43174,34907,15868,14477,19988,31552,45326,20328,49338,10526,6398,55891,11924,48370,2070,24340,13227,47063,16197,43143,42223,20119,3280,22485,56277,34878,41461,59752,48477,20407,57147,55767,190,3923,6316,33188,12089,12850,49781,19216,55395,51091,4431,36139,53014,59235,2981,26461,22920,42207,41661,52856,1022,29920,9466,10243,32556,51006,15490,54433,27536,10687,52704,13384,52101,44808,20516,6720,9086,54237,50666,28655,40182,36223,6431,14004,22262,25403,45396,41560,52260,42354,30529,21687,25399,46996,40517,25897,48131,51717,15225,59727,48063,59701,48367,39588,7552,44938,13021,51245,50209,3524,33416,24756,54545,906,56993,5221,16514,23572,58566,207,8460,56799,20943,18433,46970,50662,41608,15905,49001,29100,48850,1207,49804,52408,44198,39472,50144,31508,52426,19377,54378,11573,27543,48906,6363,36636,17375,10482,31304,53050,10557,41850,17534,34989,43041,20072,57710,38304,29508,59979,7622,57023,27959,43513,13848,9066,33553,8654,59936,35123,51932,49179,48570,2682,22581,14924,8860,9479,3980,8345,59269,16448,32256,57789,17062,32448,16816,41369,26465,54609,44626,33272,13489,9417,20248,40010,37828,5825,11917,46705,46909,29794,58181,27941,48414,13357,58194,46096,54015,13081,41890,39992,35530,47748,53374,38233,13049,1357,10956,1849,26956,6170,47862,7770,34538,49092,36031,17860,32227,45328,56760,42213,8678,39398,12712,49381,49976,17450,37781,33317,20261,16533,42599,25329,20948,50076,49748,17145,37872,32432,16319,30460,47769,23748,40293,34313,42370,30094,59471,27178,28890,56244,49385,52694,44109,49487,37216,4198,41115,31294,12553,58258,46433,9368,29941,47783,35957,34729,49525,34624,51455,57407,51126,13438,23736,7497,11539,28378,18326,28828,51316,22293,40477,22528,12733,7427,8306,1192,58546,22147,2466,33966,49862,43140,40793,59039,46469,39846,38403,59255,48890,23387,45381,20275,32107,7032,20886,1477,5480,42675,15595,24651,22640,43145,43166,11181,9673,37363,28167,43290,59913,26518,33808,31678,34415,15141,27858,27357,14514,50445,59264,50620,47567,35348,49244,56764,48929,4540,10660,3814,53252,34540,15053,12353,36507,56885,27843,53817,53907,27576,30843,24594,25082,23615,8501,21369,50478,27462,59,29896,31194,44244,43488,12696,36690,53818,29152,18120,46999,59174,7022,36855,43757,51290,39764,32994,20726,32751,43030,20207,29148,27148,45440,16092,23276,770,53445,55498,49038,58146,35109,28218,0,37591,6228,18886,17398,10651,13933,48339,2930,23351,55343,51027,52056,38023,38719,3647,9816,34675,19762,13286,13421,5448,45965,22526,37913,23003,58772,28380,35396,35898,10995,2479,25025,54890,58712,58025,19315,8927,16256,4551,25039,28424,27817,20159,36452,33677,44074,23523,7948,3987,28446,24042,23734,40550,32525,38924,16845,53868,37526,15248,20048,11533,9503,34471,52231,20946,22165,16314,17033,50687,55370,10018,19382,23480,36270,52311,36997,24293,34805,11337,42555,30080,35494,37086,32729,57357,10807,30337,12927,1211,2121,57173,31567,57818,15182,54957,4052,57562,30073,42736,3872,41926,58790,55779,20212,56541,56366,24052,59892,40992,57601,17069,2119,38004,25203,41919,26558,16299,35744,45818,3245,32647,33162,17736,27950,53304,10810,56873,38475,7368,4180,41913,57428,3684,3004,26052,18799,30050,1190,9823,53638,15173,3205,20099,8507,15641,18938,35444,3727,19886,53810,18847,2616,56891,59079,5727,28492,14552,23987,16047,40919,38783,57560,24131,30264,6324,44705,53162,13537,52671,43075,54526,27096,40728,7683,30044,44706,9409,9286,46059,28448,56854,33589,26648,18789,38256,57091,15584,2715,27871,36094,58579,58341,28981,3328,1996,56358,38846,693,30138,2817,8441,40265,35657,45034,903,16126,1831,29895,32183,1934,46800,7172,55284,28250,5590,56501,8910,58399,52164,33608,55,59023,3387,38145,28786,26600,7715,57955,39406,37793,15572,9566,47082,8400,54814,48686,32661,13467,49736,24197,22272,42539,40466,24769,46394,50123,437,24822,21828,42958,1058,23611,1733,5528,41910,23323,39624,23770,40717,13423,33576,16981,42034,42887,27542,24297,31634,47282,17019,39279,49101,16252,55146,40498,4530,29444,7882,10569,50568,39586,16096,5649,4386,5035,35255,48664,44150,42305,19729,39684,48512,55816,22096,13487,27745,35084,27045,39498,26495,33444,35170,11699,46649,20815,54504,18851,37800,27065,41867,25748,6509,56374,40823,11520,23457,46874,59330,54028,21450,25579,22912,53090,12536,54123,36203,16767,15832,34297,8120,14793,56143,39355,17508,14137,25421,57172,52949,14281,18056,14190,40525,55324,53674,14204,26410,38979,42838,46770,14306,28709,7301,4366,33037,29837,13511,27993,23008,45978,9168,54711,50891,49086,46211,25258,17448,28147,38570,7426,41876,33238,32298,17089,34052,48041,56989,21288,6865,30209,30506,58265,25106,37866,1539,48156,51615,51315,44847,20817,54562,9079,42820,51443,47896,70,32604,21636,42755,19276,51173,23583,26460,8274,31611,10010,29610,57475,18169,1822,52666,47765,26026,23020,17475,13481,10788,28326,99,58584,13420,53132,39149,625,56410,50053,58702,38178,8970,31700,7549,42560,16265,52788,43099,55062,12869,11242,46384,28350,40229,14784,27203,17314,44646,22253,37204,45604,35401,10447,45838,30884,56200,19237,28129,29962,52177,29666,55174,40616,9802,51646,48137,699,6835,29909,26459,21707,26873,5229,48859,21971,44718,47475,7997,36711,26293,23747,10355,35198,36080,33755,57432,43656,45827,41433,37157,42525,49314,8485,31151,13127,10375,45321,8014,56290,20245,3130,8398,3351,34342,12863,32936,44488,14416,51229,12756,28053,27480,46118,21343,14643,35112,26059,57155,34727,8998,52690,4363,47887,18820,24959,13648,7830,10392,48615,8226,56095,50792,51959,52917,27440,3305,32334,3279,7452,19486,41473,41035,47439,20580,20788,45592,49034,21973,53379,53496,34779,16439,26493,45861,45546,35542,39447,31084,1821,34673,19916,35065,48050,14197,28537,58348,52352,45207,54706,27648,12363,32011,50573,26440,51842,33945,2674,17208,3355,11622,28279,41528,17136,37209,29617,49106,40556,51186,50765,53285,38747,13627,8949,31951,48995,43171,45152,43850,45141,15674,52396,37889,39828,11638,46124,49956,10836,52954,48251,20628,23891,14082,41956,20542,37991,24697,31695,57637,20519,43336,23441,7252,41179,4314,30432,26358,54469,53970,14402,27047,15878,50583,53030,1542,7033,47014,21134,58924,158,24633,33240,11620,49809,56264,4254,26785,32869,50801,5692,25878,5955,18689,34522,59474,7590,39548,4035,3160,13948,52007,46080,20130,40463,2077,118,12702,1073,30169,46161,38981,4548,1998,20522,6947,19880,23415,15664,7849,18232,36257,30902,33253,11639,57074,30041,20280,6959,30420,40383,24775,8741,25448,22419,49952,28195,40682,58949,9321,15488,3508,27490,59839,26370,32937,50244,40347,34851,1649,35756,27987,22834,32878,25879,43349,29422,11939,44735,42054,25259,6285,52988,22958,19462,5064,3989,688,27172,53066,45456,16733,22592,41044,4669,48581,22012,39558,2234,54358,58139,42455,51359,46081,54498,58696,50348,20042,42591,45932,51695,6529,19373,38362,11922,9365,42200,18416,16820,9892,52442,34142,8363,29315,23218,9565,44648,45770,20202,29559,9261,36377,23313,31105,46034,5051,42081,1729,54053,1114,10307,795,45574,43248,33423,58964,45209,2608,37456,7153,53120,6450,50775,4377,31537,52613,29224,27237,53095,49061,12511,7636,19726,17708,25945,34985,53762,1873,7788,5789,10696,40955,46403,3821,29446,458,47410,9691,12186,26449,14919,30709,7015,18605,9076,11681,40336,21786,14850,8228,55525,55894,25261,14816,14478,9416,54323,23883,44034,8895,31931,13573,54595,13259,41678,27363,51031,218,26400,58835,29692,28519,57575,55314,990,13447,30741,14964,775,3665,7464,16295,5920,7517,28549,1367,46304,43706,56643,22525,47535,34888,1139,51691,24261,12588,59168,6883,40335,38391,43553,21703,50628,27788,52667,37339,39507,48764,19771,51495,13638,50226,20125,37906,29786,4698,54669,26056,37016,44611,27339,44438,2135,30926,4022,23528,36102,19037,21621,23170,29169,55181,42834,58353,48253,58123,56611,16129,46323,31354,25672,30305,42530,45336,17911,40171,59596,4117,28454,47022,15506,1845,11332,21674,19842,30961,56357,45908,21241,13105,55005,58694,34753,32643,58389,51569,3522,141,23599,46388,35793,49261,45299,18598,52189,11510,43409,31706,32642,32031,30720,7584,6884,26161,37702,9979,14640,28929,40692,3374,50685,20004,22425,21335,2450,54459,27511,3393,46599,41040,58833,18304,11082,12476,56621,40994,14812,51772,30344,29903,34893,8281,27867,43415,5336,26083,54409,36371,31204,41366,25254,36967,38911,18222,9288,41330,2832,18664,2109,54952,15097,29764,35367,47679,1467,12247,55046,10287,1660,35598,8137,57443,18593,51788,17093,58555,22214,6141,50803,11839,8247,24511,18902,58551,1412,51311,38622,30456,16307,11883,32829,31398,2020,53204,23516,2629,20672,57956,32348,46570,22017,24550,16761,10657,19776,58121,36934,28736,15110,41439,13461,52068,34891,49414,38386,13080,14741,14049,40059,24642,37640,15154,19160,9477,16105,43675,52963,39730,5543,47333,54577,18279,28984,40297,26681,38348,13211,46412,1630,53328,46019,18792,17882,35113,57102,34859,50841,13233,12679,501,58089,29183,12786,33654,12532,33884,11635,41195,42876,24343,18251,32874,44578,57503,2182,53098,660,24250,41299,9897,1426,12581,81,10502,36793,13268,27143,31833,8261,2917,15405,16648,14693,13908,53427,3738,42353,45742,1665,4392,27619,15676,47899,19274,50137,29817,55251,55206,58672,58119,44561,22760,53804,56194,56617,18984,4517,56544,50596,43808,53965,7149,24647,7926,34286,40781,27422,48318,31598,23541,26535,49367,1754,48931,15041,505,35298,18168,42314,41132,7787,14619,43210,24043,27062,22512,40545,6290,55908,6713,31192,26235,1602,32089,45367,42763,43086,58246,34067,23828,12037,48815,6759,11618,10464,31189,49449,41501,42430,4242,8062,30822,30531,48327,38803,43628,28327,54709,15956,53012,4760,9959,9486,53027,3643,59616,30991,26578,27633,35308,23850,27592,53517,56996,18025,17183,55016,17877,34785,37355,52777,31030,15312,20172,24974,58032,30826,56844,35896,36666,34645,33673,48094,6891,3304,15629,12205,2145,56249,15833,14888,45637,23467,4814,42287,46136,8250,36329,14560,38350,26595,39800,56571,25115,40126,15831,25511,14080,34584,24408,9689,7956,56971,32315,12851,28829,51737,53406,48384,43492,56393,47214,4065,58632,27414,4621,23510,31617,41494,40228,18758,17432,30244,55183,39886,55294,2015,43059,19755,53555,38753,28316,48352,48927,37816,32624,46301,35150,49041,1337,9533,48916,8795,31638,28551,10501,53061,1021,33602,34179,2697,57531,20003,6561,12084,55945,6816,27319,27760,18394,52020,21192,21322,19256,5357,1858,15409,40916,38099,15497,45786,24529,40312,7966,20071,41689,2330,17130,38395,49273,29239,17755,23257,36619,41050,19994,25712,42570,54073,901,20456,10621,50569,20617,56099,57486,1167,46745,10636,805,55099,25788,49850,46040,52601,43265,30268,42857,15950,8841,31284,46535,43916,43196,48620,14131,6434,52147,27356,33963,26708,25126,53157,4822,50124,38937,18542,57756,11981,7167,57248,10169,1662,26750,59924,45719,21579,8112,39810,34085,29168,34034,6086,10730,32523,29483,21269,7092,9115,36524,5795,15597,39186,44424,29165,58184,19803,22404,32376,53389,33506,14831,11485,20630,45014,15195,30693,35136,32196,56618,15254,57378,16257,5688,22612,2124,24159,55350,48936,20852,57869,8549,21034,54517,35654,21617,36032,27555,11945,8055,9888,40984,57726,1876,44532,49728,22051,16966,4260,22338,35922,18841,8401,3236,16340,38875,18743,46340,52403,8755,27857,24771,21767,55204,34035,54925,58382,15335,52603,31242,43919,21233,3278,36382,26822,52491,34361,8476,35911,42411,12324,59882,44617,8828,56672,48452,24194,45131,57832,55931,41502,45812,5750,5134,57572,32610,26090,10223,25103,1580,51267,20409,4702,2477,33126,994,39950,42978,538,37373,31326,43182,34258,9431,9103,52524,46987,20111,6574,32079,33934,53390,16699,42956,54112,40854,38331,42459,25865,55121,45205,36196,29795,56635,49146,30962,16952,49702,50918,53410,43594,8486,41683,23847,43693,26229,56549,50240,33230,38,33341,19828,5202,24025,37150,18189,18559,40111,37226,391,19340,26288,12107,48573,36385,36074,46517,55523,24911,56818,30718,46073,50267,22222,18775,54862,38140,58995,21184,7111,10468,56810,30171,53137,2839,8686,8712,38164,16559,6448,36924,59651,42001,19905,41586,16183,53414,43454,42743,12065,46687,30998,24480,48417,23943,32769,23064,52427,8838,25279,3831,44750,59221,11925,48051,32536,40431,51761,11662,15221,53727,59451,41373,28213,16779,59466,26978,3189,34108,26594,45262,42473,10650,15778,31959,15126,52817,43833,8346,36222,23579,37051,7306,51205,55918,52080,25105,15028,37251,45626,57815,55667,14305,34707,41553,50460,59267,2140,23678,44945,25666,57520,22783,30881,23274,50503,15477,54320,47903,2857,38414,34770,36482,11873,55830,57414,31536,36733,57553,44008,51065,48548,21508,16802,13601,32865,51787,46157,49756,39378,12449,9800,23635,1434,10847,39114,30570,7345,20068,32839,20586,29598,25686,31032,5318,23871,36042,38728,32925,7657,30743,46105,55488,10655,25268,20416,24827,56268,40667,30682,25613,30089,54172,50420,11652,9419,15315,38504,30212,30350,16397,41818,15183,14659,30641,24623,19118,50738,31298,45949,48911,59169,44702,27946,44744,46967,16895,3651,48133,21562,41315,20343,53046,16113,27141,36966,10646,19574,33350,15238,19436,54322,7933,24505,3673,57045,11549,40756,19141,38320,19130,202,21893,54159,15636,43118,42462,736,13283,17824,14164,45675,31217,39786,7605,20802,27933,4360,27338,50941,8858,39746,12624,47123,12820,5745,597,12103,26863,18801,48231,23695,12726,700,11779,7091,41921,38459,48499,16090,38825,8153,19461,49234,31359,4937,24205,24982,49216,50091,17356,33916,17374,50092,53709,1283,45999,1864,29990,21731,47266,26498,37796,32651,21324,54733,50301,38241,9506,29206,21555,26203,40764,59167,2692,17147,24755,29732,52082,18734,382,33046,779,24147,33428,52075,41492,40633,59723,24860,9271,16602,7502,40650,25075,19396,4501,31344,21107,50312,32235,45273,54596,19376,57679,1982,42791,40192,51802,8728,1905,14767,2148,39863,58469,31053,37001,2983,42469,27897,59722,11733,11529,10748,13914,36975,28486,56939,42962,11693,22405,35940,29637,9377,41992,58856,15656,2710,33594,36858,36520,2554,23367,54657,1295,40291,58118,51410,53373,4841,6418,7864,51552,24186,39485,40397,12304,33837,56851,56521,287,38736,3561,58556,30936,33291,9245,4604,20351,26908,54177,45068,16225,22014,27332,8329,24226,21746,45251,20850,19885,30725,23454,7347,45652,38568,5092,46288,36867,6885,12778,46450,9413,10408,46889,32909,2974,35042,4338,35778,4998,40767,31970,21242,52656,28603,49053,53910,18199,56868,28108,18721,9852,16275,15839,12549,43019,59604,29126,19146,230,58456,33503,14868,44497,41060,28121,42795,23930,49599,35835,8498,1031,57099,37230,15690,54043,15706,33842,1971,30380,14883,57117,9487,4096,25381,59914,24282,50474,58754,15979,7827,40047,38411,34941,48901,29376,41932,41986,23914,41976,44026,45650,44951,1696,22765,34410,45873,58698,7874,16461,43285,26707,1987,9654,42453,14549,27188,13921,5592,18892,48854,20365,38444,31910,25510,7493,34962,607,3456,15276,49345,50746,43687,30011,36498,13245,26418,14346,41552,45646,3859,27040,56776,24473,42322,50780,33633,27944,13683,2951,24314,33156,5535,305,6064,55203,54871,15334,48566,23382,5939,58567,5212,9973,47505,32891,25352,10144,56894,55727,42840,6851,38927,31847,24840,53226,42910,9640,58521,34576,26412,28010,21229,14618,17171,21931,13555,33420,55022,52819,27737,40754,58080,9626,38660,16645,50298,1815,59226,10804,4411,40267,281,6797,19125,14003,59647,28134,49958,20562,53077,42794,36827,27427,38205,3120,51085,53297,45919,624,33186,47425,56999,29402,6232,56975,19423,14737,43102,18554,27781,54734,8047,34418,14444,57285,31118,52225,49714,23469,46950,34275,37463,4373,35958,38011,16701,53935,59959,27923,34868,46775,58129,41724,45666,41069,22690,52354,31362,47584,15787,53169,25084,6983,49372,50937,7509,36073,35462,52299,24887,35851,1303,38519,23843,21803,27360,469,40759,40576,15727,48014,30013,216,56822,16184,22805,30118,56351,552,19595,23482,31111,35760,14708,21308,6948,15573,22041,14257,2232,51830,19425,14158,18802,17529,59754,57677,34974,32903,50343,4388,24817,29965,14759,17429,34069,54127,24479,39174,9013,27544,80,11556,36836,58760,57647,30102,13326,48283,45596,16665,45623,42300,48677,47845,59469,48138,2478,16015,49839,15014,39024,12997,40469,14879,54473,46828,28009,13757,55632,1201,43885,44225,6132,41109,37170,1914,13734,47263,10040,42927,54148,1764,48154,23701,12698,16176,48957,43341,20660,49829,37347,27808,4136,55382,17767,7275,33215,32071,10426,17068,8479,9706,57950,15992,39241,56800,58667,39837,51656,50413,27978,35788,32841,3780,29447,51211,45753,1077,51422,53316,44110,35750,10492,41506,52296,42089,11903,29924,30939,56448,8456,8078,56817,8661,8019,560,58087,52475,30507,13002,27614,47836,45186,32985,24832,13581,12297,56896,6979,13752,30402,9663,25962,36786,11336,13376,57049,23335,11832,5593,31901,40268,58905,42551,38175,23642,39193,10285,22522,46213,39555,59036,24321,5497,30431,44322,26782,43558,31482,31943,33088,9258,53213,28616,35809,46753,51358,34076,28698,31244,3413,36429,13260,32099,4777,5994,42447,47991,41995,18469,34752,19683,21961,11333,15847,15856,17992,49816,23402,56442,36749,39484,51343,55104,47514,53718,48525,2166,27454,39246,13382,27616,54273,58083,59033,2277,8138,42321,6550,34134,30299,24198,7686,15943,10929,52512,22712,58315,7558,29365,9336,2383,24252,6900,39934,24112,49440,47750,57465,18456,22532,8805,26452,52511,17105,36745,25085,11809,25435,53642,38606,12012,51807,53327,28968,6309,15339,46496,17857,58106,7446,42442,7173,44491,17881,56723,2120,43287,15226,42182,46230,11962,55988,35714,8536,47303,52484,51921,4656,56304,3701,3655,19214,3392,20758,21913,30556,34197,46725,20247,15447,45687,33663,37581,31507,31112,26666,36228,33391,46239,1204,36580,50275,51300,19866,39960,31823,25498,9641,39505,59859,38507,27312,31592,19060,46098,22646,48284,15283,21646,27676,29256,15613,44021,47676,13548,10075,9556,52956,27018,32094,19019,49313,24839,14117,55799,19567,57613,14873,58509,51644,14367,32649,20175,2393,34916,41335,8493,48883,15024,6175,4122,1785,55780,48400,13776,16407,58463,58144,35972,21962,27150,14135,54542,35718,5916,31150,16232,53847,28285,16144,46867,33424,45778,17332,52915,29464,12817,48801,41155,55697,43972,4204,38512,38716,44378,55715,47148,30978,16905,54308,52065,48061,31190,7968,55096,23864,43426,29288,26566,51361,53620,29702,34844,34610,57705,36162,29083,11738,4559,25855,18027,44968,40586,39424,21358,25572,28764,39527,37092,6440,1577,24861,10869,34340,42079,10980,20309,3095,49017,2687,24132,15472,9118,10047,30398,18868,14443,9588,40898,44947,13716,302,6151,43169,49539,1157,27722,39647,24316,14847,44264,40710,59526,19412,48601,12882,48980,36766,50612,35066,33405,41046,40064,24402,45880,3088,16364,34795,16308,29394,18676,43467,161,44127,36246,56834,9374,2199,30910,49620,35949,34296,5433,5307,6918,18072,11461,5240,35326,48213,9446,55409,44444,31744,36387,8862,49349,44317,54341,55460,24193,27551,53862,38906,33490,25242,10812,10539,28493,29676,13998,6477,15253,2251,33847,44393,8407,927,50463,57731,38500,29635,42568,38207,52900,20713,29636,4615,5087,13888,25685,1415,27181,15619,9698,38701,4447,36282,29575,13964,1410,47110,51233,34119,4362,41257,19611,46397,45855,43705,37597,30511,35070,31378,10166,52790,56653,54698,33752,50361,50088,4073,35545,11788,20251,13437,14566,35140,11508,46629,25336,5576,24277,34999,2473,15618,38538,11223,59910,48239,26952,20055,19989,39714,17317,19903,24663,22681,29349,31301,51449,29780,38282,10952,19696,50581,56716,28491,19670,50061,52699,28902,16103,2637,17613,22413,2966,761,51988,46224,16260,59903,36889,50749,19137,48065,7591,58261,41011,25474,33879,36864,24883,43718,51553,21684,39063,53096,30658,3611,52277,17099,13679,50255,12266,33544,53957,47602,51931,44163,49719,2037,42470,59808,11036,50882,28013,50778,40989,9214,42218,41398,56942,15104,33772,21741,42513,10325,26021,10560,25397,50011,17128,59078,59482,35471,27952,10715,26409,19727,58103,15611,16148,40950,50457,3711,28277,37153,55920,45863,24816,42722,39259,15391,25930,43730,10255,23463,46946,24267,36731,6892,59768,2474,50481,50928,10990,22614,59802,40301,33749,31300,20838,1870,27647,31624,36188,8405,51309,35745,18423,20587,32618,16513,35013,25302,49354,2994,28255,23842,57744,5503,50380,18665,28859,44928,43008,53151,20141,50281,20719,18272,49891,45270,29821,43048,21409,50295,19181,38582,35832,4502,16579,10533,2298,32807,9845,53206,52565,45297,8759,58959,25884,1956,51603,20304,15552,11293,3938,40122,26736,50183,55401,52602,59687,8176,29841,36849,54092,12111,49774,34359,9295,32545,48838,50533,21816,29872,35879,3698,58940,32723,40802,41465,16530,37759,58994,13005,18248,26585,53631,56058,51008,53657,2271,59204,2881,14398,5208,44657,56054,12972,47529,50098,6063,11058,24998,5714,15161,59066,7520,37868,57683,53323,31532,34839,55071,25330,29421,57261,16659,13428,20953,48056,57824,52803,16387,47623,55138,13717,9464,37248,32986,58295,17732,1453,59137,14838,55860,33861,9410,7023,17810,55393,11069,40812,38663,49788,53159,11717,25655,30794,41750,10091,34473,7374,43921,29088,16005,58534,5597,45911,44884,39291,19686,30027,19999,44806,3713,2129,15293,56435,29916,33342,14013,6895,59824,49249,55165,1044,7412,32687,15999,39313,5217,27856,55439,36293,15320,44517,45313,35941,8706,12821,6943,41043,50886,18379,34586,47354,12004,47849,23383,28881,9668,27288,20894,34652,39147,53320,46864,31725,18173,33462,42439,53714,57696,58466,31797,9239,36488,43711,1693,27328,42819,2804,32562,44520,15762,40573,5172,9251,4381,17112,55279,48413,37320,21179,19463,46229,52341,56155,52171,10587,39632,43729,55089,20856,17298,25916,57071,31114,29664,19002,11446,54648,42537,12615,58889,54487,22455,43142,42013,45092,2910,12019,19098,12328,21956,58739,47920,53486,37313,58253,1668,11458,17499,59578,17995,38166,11375,33108,35960,3790,19535,39065,27884,29389,5836,7957,23299,31800,14200,39101,13333,31524,7316,45823,2364,18741,19066,44000,51076,42122,17066,33060,52315,22192,4263,16622,24999,18706,52137,44756,8160,42830,46571,27601,7450,29853,14447,59087,8824,47336,25417,57096,19764,44506,33584,12967,27529,12904,42793,41469,21990,11559,10188,5772,42198,41198,13445,19995,34658,54489,39723,56664,47423,15252,25415,58794,58564,29123,42715,9968,8121,42640,38443,43058,58578,36973,48256,58059,42936,23104,36292,35939,23131,38181,27890,40320,43458,2852,52257,20432,35786,57863,4100,18454,6604,11229,8629,53984,40432,55595,26397,55296,55962,45576,29750,8397,23185,48742,26128,36383,42,12556,13362,46110,13236,43968,55486,5770,34047,13820,45533,4498,39817,21453,38027,30496,12054,20500,6087,14548,22436,12393,31391,30837,33618,8903,57257,43397,41998,19074,12329,22433,23714,8529,24062,7124,36086,17678,13891,57247,58797,23681,10510,2545,45759,54499,57325,17949,126,25682,7978,11451,46156,28706,45005,42816,57489,58155,30149,48032,36640,274,1441,23525,51191,53255,28589,57874,55619,15266,47118,24011,5126,31094,39984,3883,40640,23798,9311,23785,27827,12915,26550,29567,28923,9198,22621,18739,50592,55737,41328,30015,14220,48638,40203,54692,47334,44547,13877,43322,47626,34465,10707,39366,5121,1206,42130,32127,7796,10826,20524,20443,4797,25545,55959,42319,28622,45217,42671,52772,5855,42238,33089,5391,37592,51638,16381,1218,55730,5365,18364,25156,11152,36395,24083,12565,39845,21716,48520,28583,8450,13072,31659,10720,30764,18512,55256,48479,45944,34653,40237,4119,40129,18528,8537,24110,46391,44247,10034,18876,34545,17872,21256,51969,38072,49028,40095,25286,15250,7958,39552,43193,7612,54025,20826,13651,8349,40262,57277,41755,7674,2816,51843,31730,47054,30640,16943,11892,14260,45529,6615,22387,2186,27262,33290,55585,38058,20422,22605,11481,57795,56782,54756,21557,53870,27966,26820,44420,7897,54565,45854,51628,10302,17764,6824,55571,21123,4983,52042,14648,55950,9418,37414,20549,25730,37711,2169,30486,30609,34762,199,36432,53724,55729,53897,26136,33759,4021,20411,53269,50385,30316,1264,37045,836,53015,17869,8778,25664,24012,12841,45487,40516,52892,58840,36033,31761,50860,22118,1573,46234,51485,23916,29234,9315,3787,24989,59132,28805,25867,31969,47201,33950,14580,27881,32550,13842,22372,24958,25230,750,56883,30287,5604,2335,236,8061,1136,57606,53629,42751,2627,47341,8432,2313,33343,4094,41426,51285,53805,24221,42688,59703,13365,49023,19124,980,3408,24634,36634,25653,3670,36361,50114,42324,10819,23113,754,40241,4682,12334,7800,36679,39688,42596,19660,16115,57441,13496,6590,51585,24081,11254,39137,23054,22354,38266,55379,6353,51400,58204,15976,46483,12115,47463,59886,41450,26443,11956,13657,31241,40167,34183,36863,13195,12492,17641,57355,55750,54977,37714,33688,45099,51926,27720,56325,50150,20277,3506,40420,38530,40500,19566,43345,19443,12370,31483,17947,16531,31996,30152,57270,7952,20543,27082,52559,43173,3546,31459,55391,18690,30497,1744,32914,46980,43536,31463,28042,47072,25822,16177,50678,59742,45292,33784,50501,6035,14647,30234,23856,15215,48090,54641,15471,8987,47729,49631,40617,37383,34620,18778,8033,16052,57022,8586,45657,9951,43892,31460,1901,51890,5192,728,49267,1364,42604,532,35708,42519,13869,36521,27815,4933,24760,13607,1791,18216,6828,32148,53995,17260,1978,59967,46436,29485,9548,13719,5193,33883,22593,52808,36856,45984,31243,38485,36512,49857,1198,42822,8599,31620,8766,28866,55803,4696,37480,47612,46419,56413,47606,681,29408,6473,56419,19261,28114,31983,25083,47267,4525,42701,22689,14374,36887,22068,46422,38850,4993,27926,9139,54691,8330,52060,41302,42197,4059,30914,18275,37499,9144,16678,51984,9043,50968,47823,26744,32963,46559,12973,1396,5310,9741,1437,556,7200,59441,41690,37020,52054,20040,10128,58767,40699,28948,25844,18942,46423,17556,32110,50405,46155,5072,17277,3852,8777,29707,309,28384,9120,11045,21732,875,8646,45007,20266,18861,22641,35712,53446,23252,55782,2527,35264,9777,30746,9422,12628,40051,36534,20684,41427,3659,51049,51639,3261,58778,41157,41774,44595,36092,44647,43219,39119,20721,22519,18660,19210,27156,34433,58415,50338,13150,53952,13147,5297,22459,3411,7543,51055,26119,6534,45293,31207,14079,6737,44505,5478,1307,20737,16488,18809,29507,39394,49104,1028,54048,37527,43395,21031,30827,9907,8711,5678,43782,13101,22276,29572,883,23362,58320,41272,42158,35039,41841,49436,45517,48604,18515,50057,9994,8475,37171,49047,7356,5734,23855,41349,54167,59780,18149,51220,34309,6118,45930,49517,57820,2893,14127,21331,50732,25900,3400,16002,22141,13364,48193,12431,16675,16278,59646,46318,16814,8304,58985,43712,26143,16472,36742,12895,3290,30436,11566,52739,25786,22486,55941,27428,22750,49709,778,22365,20822,13309,33777,15004,50892,23627,36965,37727,7130,22966,16608,28856,35018,37722,1588,6186,41596,32250,54918,5108,4783,18220,21758,17629,50916,59986,26396,48343,57329,19780,15967,37942,46945,3124,59054,35244,39040,51715,39389,46181,48707,2719,55576,4238,34575,17411,45166,36084,34668,23786,17494,41856,33705,21243,12105,7414,34971,51298,53148,2233,13804,42267,36593,17730,11905,58991,8435,26179,55598,17699,48823,48643,20185,53478,25367,6381,19895,50654,49603,38077,18299,52095,35597,3613,22980,10356,27005,42274,40041,40956,54697,18246,48976,4710,45683,31765,53349,22852,40138,5267,30733,25390,23255,29602,45104,13513,15199,2097,439,2904,48767,27749,56914,33078,23069,59805,43239,10787,27696,42187,823,46471,36603,45695,16027,58528,53746,6368,17412,43255,24313,26205,36968,15540,54109,54665,31895,26967,35740,33199,26167,35577,39364,29804,20394,20514,22107,10456,7481,8494,41824,29305,20028,19867,387,59436,39756,27547,7216,48487,42060,18928,45037,30126,35652,5701,53217,20381,56941,51072,49095,35175,38499,39365,10092,1961,529,4399,40985,52452,226,52851,10437,58292,24597,44811,41018,6223,55835,40406,48324,52801,28077,15520,19370,21385,51786,39532,17122,21194,7324,19939,17404,31752,24349,22763,54169,36271,59440,24774,24812,5913,3736,52213,31513,14272,359,36427,29368,4979,16067,14425,17565,47108,20259,44974,46639,9007,57086,38759,32501,2555,308,31377,44533,36242,59962,33022,29040,32189,11666,14024,40712,25069,47102,4704,52849,51815,28918,32491,50164,20144,55580,25396,34912,45538,2927,307,12887,17722,21328,7860,26565,58849,39500,25447,49550,32904,53540,30487,2212,44927,21113,32305,28886,43876,983,12310,12573,34695,11323,11005,10876,3716,40215,44904,38293,18856,54754,55887,57952,50988,39016,58917,46153,41962,52173,43018,29781,441,16610,3466,57626,43769,19200,9750,7585,7644,45795,57167,57713,42904,59741,50974,52724,53173,36843,32579,8136,42232,37081,25576,26848,48969,22609,42390,2155,21456,15849,27670,56285,6871,55473,5669,52594,45530,35587,9266,19583,33970,117,17107,1179,10279,29067,20437,27774,51938,12322,9375,28584,13926,24296,23730,40621,11645,37417,46772,6716,54132,8132,7928,17164,32446,8343,14775,59149,10713,36121,19391,36713,31994,25157,46920,27982,18258,26289,57238,31003,36312,30160,47373,7378,25382,41696,4549,1915,10835,34880,33036,23320,1055,22133,43238,17645,20654,41130,42292,6009,10992,19474,16212,11711,38878,51171,53699,25241,10939,4677,26941,38734,58900,20450,18846,31361,2652,32505,14336,19654,11237,12948,34306,48330,36701,11448,6397,48741,3682,49617,41677,29019,45748,38769,38078,15449,23562,52793,48084,3329,27539,58922,32846,57426,36227,2027,38128,55272,10780,10304,37650,57730,29134,22484,5820,59217,57216,50247,43217,54777,44800,47261,26927,38351,15993,52049,46427,53380,38908,12311,8315,19333,8553,19336,31096,34641,54010,34302,18572,46764,49258,33406,36987,46930,21726,56133,54613,41651,57791,8725,1974,41863,26779,45303,33560,12755,26368,24786,12033,11414,11986,41148,40871,55135,43600,43810,57689,26383,6456,46824,55100,43025,3361,18821,20306,41797,38624,38781,45526,37555,13782,19523,56565,49529,15686,37981,11785,46746,31226,58052,1027,57725,23220,9147,53739,9589,41351,27639,43579,34940,36673,28364,261,51504,26070,53649,27041,2410,39187,56624,36298,55153,33086,27548,50948,25508,20821,26996,34344,43611,9865,2016,2201,1903,31266,49477,5205,17456,4632,15437,41380,56715,15522,53524,40143,3591,15442,1338,28411,50375,9674,48657,48345,28374,42700,47244,8945,36720,30674,35580,15338,36364,19819,35215,46328,57244,26031,5379,53274,27483,12097,46915,52540,3015,38588,24322,53794,27583,52679,51445,59953,46382,17152,30223,15508,7962,57507,6159,39120,33756,23491,52481,26286,35669,54151,22666,7763,13721,21008,25322,30955,28954,30951,49462,4405,44033,18629,26910,47878,45840,48919,45779,22499,57883,28846,34028,9560,23160,5018,33442,31076,29202,26204,28200,46710,43207,41210,43938,33399,46757,18832,46085,29254,6138,6158,43800,47759,18255,17005,33507,42428,35928,58945,48546,3141,21605,49580,14726,34521,33286,52896,15349,7725,47810,29619,14929,18443,26339,27486,62,36905,53606,5142,26422,22341,7650,30130,3489,10546,57035,26497,48481,9526,29345,20911,58305,4359,46182,39738,55250,25854,42878,15464,12190,12257,36642,23551,54084,54008,48228,53851,59843,52335,49243,48989,2928,14944,8277,19965,7401,59707,21590,11319,43659,33611,1069,50467,1887,6721,31991,52923,10954,13464,32042,16333,21028,58860,43658,32485,49437,29687,15128,31837,12952,48629,42310,36296,25401,13575,29828,35709,50639,34611,3097,12687,981,41205,12189,35199,31165,22825,15067,40474,38674,4105,7118,13655,29755,44229,56152,55432,59847,38744,24382,41642,6586,19442,12213,57347,12188,12067,27644,40246,17884,25059,20889,6922,15025,20968,21170,22533,22745,56695,954,19641,53755,4143,55417,5465,43141,45417,18907,7600,49665,8808,44558,15193,26617,19071,50371,16025,48530,12862,45511,617,9187,415,5412,45041,39884,43983,52716,59045,24318,20892,47856,32508,44047,56447,55641,14655,33757,40495,49791,24616,44639,40715,51489,9612,24833,18529,59477,54762,30278,614,3526,5055,50994,31924,8723,38740,24450,55041,17919,59231,27992,4690,8870,6245,54455,30415,17610,29001,54050,16122,19541,16111,56388,20974,19783,21768,52023,1507,36489,5689,17768,22611,32820,37384,40300,11164,56472,58116,40567,53200,50587,45425,44973,1963,41156,15176,25131,32251,53836,50458,42326,58369,50165,5998,30270,49458,34581,10724,27239,51463,58951,14907,21677,50273,55991,18165,26749,36076,45573,37559,16401,20769,43165,7098,1727,17676,3468,45878,19075,21059,41604,54988,54668,30660,48162,32630,58091,45144,1451,52887,5191,1835,30271,11819,36053,29296,42048,46329,46607,47571,6984,50374,42009,31558,8518,16695,28504,4647,11676,58183,34107,26387,42495,40443,42879,35163,8634,51800,39820,47664,24045,46650,26520,41133,26504,31028,11775,41152,50369,13931,6969,4943,2007,5693,27986,4048,24800,49505,43606,57793,29363,29765,208,32265,13180,58622,34685,21681,997,26715,25504,54287,26919,35009,28241,33305,16775,45122,29278,27945,38721,8446,46048,12719,10306,44737,9983,16700,11033,56908,825,51929,51436,30112,47625,56575,37028,11369,6378,57184,59383,41261,25201,37193,12580,20124,9065,4996,54255,31441,14710,6125,16561,55825,32154,25073,18424,23413,35508,45797,12582,28036,22268,45483,41609,19452,33813,54677,21688,49121,34441,12252,27186,46892,51386,5851,54090,9770,54411,46819,28144,4962,47079,46527,16301,24971,58867,42242,9194,25213,1089,32322,27660,8026,54882,46632,43350,24400,19303,8191,11092,40240,52150,48878,29156,6320,1492,26359,46865,46943,3583,59822,16548,1772,4089,32088,7861,37358,11583,47681,22868,2139,38429,58219,39771,54328,5962,42408,20000,32571,3185,38890,30688,38219,50785,35973,26457,41354,13564,11103,27962,46520,44104,25144,58010,14309,17996,39127,26027,52208,496,35539,47173,27605,31187,1196,45261,55462,19742,36686,56707,58735,28473,51332,1620,13039,1132,53233,59996,3696,58676,4383,32977,31737,25009,40330,11893,22070,30446,10488,19134,39437,27835,23312,18673,5605,535,18239,35993,57709,30048,25462,44783,22866,18491,47579,58046,26998,48596,28844,10452,25969,24495,7523,32445,33638,37567,16990,45715,13604,46506,36976,51441,42606,58070,57343,5700,57337,52374,36895,35524,13936,13368,37479,25573,49480,20208,52312,38000,16590,51698,23089,56585,19923,19096,8736,13509,45773,29927,52907,35736,17458,46129,58493,18191,51608,42980,38572,25762,47426,18278,39054,41719,2872,28449,40065,42975,58076,50643,45056,27400,11086,20725,55264,24794,37137,10497,40672,482,7792,50143,11701,37564,10234,16234,25692,53625,22466,14269,40211,16729,42713,56218,54111,32117,571,20358,58885,3746,21515,21365,5184,8926,10108,33339,29085,45256,8452,58730,15586,34032,1133,7515,59295,3028,32118,32144,40191,13394,12680,30239,7333,20008,13612,20237,34908,57830,22181,34820,39335,59460,54402,5648,3997,58573,13748,41950,44956,45939,36776,36940,39399,10200,12127,54730,54509,12963,41853,12612,23902,33247,34105,1694,41250,37595,52578,22972,56051,7214,48151,43809,24517,40430,20517,44063,55789,31769,44523,13145,46474,41583,19101,42799,57581,36875,18794,738,36652,52284,18686,46249,57861,52355,15235,8637,32650,4282,15775,18912,54218,26165,2296,22256,48828,4968,17365,41219,42085,19302,48230,18195,21826,29435,28373,12372,55878,31520,54221,29870,54126,10427,45100,10131,49482,19804,28188,25887,6535,56438,32828,56144,32744,107,11344,31703,46956,42178,21225,41340,10395,59294,6632,57450,58593,3709,27105,11051,11816,27740,16079,57157,15517,51454,42277,14654,46498,43629,51402,17756,46432,14288,33472,50585,19588,12609,45966,28517,40686,42449,54568,26,46871,23524,21443,13275,46355,34674,4336,22269,59656,41310,47577,42340,15908,49536,59644,57888,58142,33517,26704,3677,13785,34525,44757,46078,39947,24968,49534,42541,36985,4442,41649,13539,30206,59224,19590,14806,35075,28613,34180,899,22859,36200,29427,32439,3894,8697,21528,16864,35845,9571,9857,35522,56849,28873,17858,59982,48091,32131,24211,26508,33256,4902,12769,13037,14729,22339,29215,15939,5400,27104,56515,42313,20875,50110,39091,36970,17423,14957,46082,53672,40655,37850,17086,40365,50768,34548,54187,27290,49884,55587,48346,24016,45376,58508,36865,24104,19459,41352,13924,19103,23977,9180,2256,51872,8959,33570,38081,56102,34221,2813,49655,38847,52167,9732,37870,43328,446,57672,48902,21531,16973,19503,4925,35355,11642,57646,59858,24868,21618,54241,50225,6882,46549,14433,1256,5554,34403,3962,57927,24543,41840,24801,33733,15526,50157,44344,15476,16344,10418,12373,9490,57969,9436,51663,12946,26131,29441,38930,37165,38671,19356,39499,23468,34178,33510,48704,36796,49998,40472,40877,54647,10424,10958,35421,50798,35850,19980,55128,47430,39182,14441,23281,50305,43457,3431,34138,24141,20966,44894,49643,39392,57310,8340,44220,14436,31835,49682,18480,733,43597,51493,35776,45802,22650,39793,37139,24667,15155,2507,18818,35350,38768,34723,35381,43627,44601,59523,29198,10276,11896,17110,7678,14011,19192,40072,40414,11716,18860,30722,56871,19612,46480,30916,15496,18601,29608,46853,16821,27295,26887,8395,8934,40106,15001,39130,30072,36545,56235,20265,57632,48207,17185,5621,50710,10032,15139,13143,41510,21238,28936,5370,30284,57307,9969,27442,57105,4527,24518,19419,28270,18875,2287,4547,52154,30812,47650,14352,49272,56324,59423,58395,32607,28955,27257,39972,51803,4259,56980,59118,52397,52248,37329,15533,47153,31427,26726,27517,10007,41874,10935,52496,16512,39479,48117,8324,20766,9445,49701,51275,33799,22369,21232,55654,28369,53576,1879,20820,2125,22227,24718,59491,59040,30367,29293,49516,5059,50197,15788,44813,147,35428,39255,56147,17262,29189,48547,44282,5598,16438,29960,14822,37835,23694,26312,49645,53694,58823,55808,52572,16824,41933,5031,50177,10250,50553,44300,2112,59885,32081,48130,44971,2422,42456,23674,56061,39396,57287,2560,29524,52951,32884,43527,39208,28512,3353,20831,31125,2031,35601,54061,50622,56127,13536,12897,36817,14473,55601,51822,42758,27567,29034,54479,33498,24981,12790,27889,19027,21030,55842,33488,12332,50432,44980,50965,49175,58923,8886,32753,44798,53202,29822,47026,45087,42249,15806,52503,11204,35833,21049,35944,19658,26920,59887,35225,29396,35875,56981,11656,55377,31013,34927,59795,30785,20173,58220,37876,21495,39046,30477,55736,27848,24625,29588,20165,32932,29086,6688,8257,47618,58506,57778,13840,36802,38881,55739,11921,36090,56273,26357,42315,56300,15134,54062,58237,34790,21592,49883,29713,20601,10373,41790,26554,32056,44708,42697,21029,54210,48079,8283,312,29135,21793,56875,33436,10136,14723,16606,56513,23933,46702,18230,52123,50264,57922,5182,50715,39739,17760,56710,15255,42645,55713,49676,32698,33567,19723,52715,31376,49266,46179,57552,59694,56689,34399,49757,831,1939,59199,13707,49664,35411,44553,50675,6057,513,17811,25249,34284,18599,11772,18065,25584,23818,27403,19940,46099,6544,27196,39431,13761,30816,29093,12961,26267,32589,20804,6571,17537,58263,14637,48518,52703,16810,30266,27069,15095,26533,7259,50600,20206,51292,13142,27075,4762,9974,43791,40245,12727,29921,22903,11863,30464,12101,12989,12637,4315,2038,23744,3730,8194,4330,4172,29936,59229,16403,11442,41659,42260,41964,29686,40680,47351,36087,27532,24763,43473,5296,50410,12682,11763,25140,31975,40674,21835,1578,41555,15692,37518,17278,40578,29547,42735,27385,14321,31984,53319,25456,44384,46253,17325,18591,24676,40514,30618,32502,51840,1149,53826,6072,1583,29193,49963,45629,27240,17786,17327,30307,49360,28627,9073,1023,30492,27917,20474,14118,8867,24263,15158,49122,7453,7512,56862,35477,34325,21415,31357,35742,4178,22489,54843,52970,3902,15870,43930,5260,34804,37777,184,25907,21676,8659,43249,51595,30133,122,47294,54066,58954,50951,32121,35948,14031,45164,19441,39704,10141,4584,42164,39048,40287,23376,13772,53394,42740,48316,10227,21584,2737,51767,40505,13543,55111,31767,3627,3604,57834,38844,24338,54337,2944,40925,38773,18933,38968,32700,55237,6944,25430,50661,34667,29261,5715,7868,56120,18031,10538,19471,22591,55647,34162,16906,31719,47580,16993,49000,11050,11852,26907,46462,57339,25769,53783,26856,55873,7055,47028,19571,30293,19081,7813,56025,33893,29474,1484,8337,19319,19483,12625,9053,55532,50570,58055,213,55344,19857,14232,56211,59082,36734,5416,29166,34171,30775,30642,47739,38917,40429,8263,21115,221,16338,16515,25824,48674,34578,43637,15542,17438,53866,40419,12971,40284,1949,8544,10127,3580,22531,27447,51116,59945,3774,56399,28465,31085,14028,12514,4406,29150,15013,2801,18935,25148,12204,8025,56992,37599,15333,6229,314,15962,58930,24672,21158,56960,2432,42827,32923,23648,12642,15303,31997,14545,11189,39407,34292,39043,30055,56089,2693,47197,55839,17719,34401,28107,19568,22550,24900,8242,56640,26344,20490,24705,28440,37992,35805,7604,21895,54693,24076,49792,6938,15192,44379,45689,28553,37354,34953,4287,41886,56160,28818,9872,20022,50537,3283,13399,338,57242,58401,49722,4975,22991,40046,18530,34331,50921,28458,39993,58941,41909,14719,46484,36199,22474,4917,18,35090,46316,1499,8388,27652,27657,14685,49619,32616,50080,44986,367,11846,39321,13173,27518,49503,14203,5924,39172,45380,33312,9014,7915,23539,240,1823,58813,55325,49291,1130,10555,2743,26865,52537,53118,48716,6480,4568,47409,9044,37024,27087,18700,35347,19705,49083,9197,48064,43208,7397,11191,38575,49358,49886,1942,3560,31342,55626,26177,26333,11434,46254,34983,23031,802,36755,31616,24694,53602,12579,11120,16577,27761,59825,58275,50736,9984,55178,44504,16329,519,24247,19193,55735,19083,56023,54667,32896,29970,31335,27313,49543,49800,25539,35203,20491,24613,31436,19859,31545,18678,58529,7008,19250,24706,53234,4843,16429,19648,21455,25699,26915,6409,33419,52378,13476,53361,43538,27673,12459,55414,8190,53513,50276,38896,14445,7375,54502,20475,1740,15357,15118,14171,59766,6932,30008,4001,52073,48275,13339,27630,12224,29217,30716,31546,59334,48843,3089,2618,22787,27571,45678,20621,23984,23053,37097,7024,5759,53302,18633,34350,43000,43326,2279,25066,59771,25514,27423,15964,2174,52932,36920,14687,37776,42853,25127,19928,33955,28467,24784,55943,18911,3154,19689,33623,44914,17091,15816,57271,53514,19258,5664,20396,45765,41282,58262,19505,21622,58244,34511,54034,4609,6485,14415,12571,14863,54531,35243,41081,12836,55620,36511,29832,2221,36950,49767,52002,58726,31434,35625,12070,27425,52010,32713,9074,51978,12121,58403,56082,9820,28816,16304,45151,20650,35891,48819,22162,56278,3874,18458,23249,21738,38874,58015,53756,30210,54728,23162,36528,3712,59430,32836,26514,8716,19634,5382,13732,13160,32714,14276,16087,35152,14662,28184,11836,17437,52958,20954,995,51622,58274,1103,23616,56233,32339,27875,27282,4616,29562,31015,23422,33718,44052,32593,23782,1395,58643,55461,1801,18427,19639,22152,52844,21361,45881,25590,19281,18825,39459,31101,5068,40542,59093,14779,42351,37779,13404,2827,44287,25570,19313,8533,30960,36638,35683,42882,47106,24984,2345,47938,47768,40234,56528,27866,11010,58230,2774,10740,51460,37284,19734,54549,25281,36810,34815,14116,14832,43727,43973,23246,48121,48958,44619,38877,6252,24628,13298,46296,39640,22505,2080,10549,12179,12709,41514,58082,570,51831,27477,9136,37806,19431,2865,39840,42571,7542,55489,7262,17234,58561,40513,52434,2160,43639,21797,4743,22028,12295,19469,47905,34722,13790,32500,53461,44760,33578,15037,52863,420,24838,186,54204,5928,41509,28775,57784,18321,37749,18418,42886,58134,10311,47432,43917,11675,53763,52500,52435,531,24230,40902,41741,57722,13566,24737,13436,40392,18978,45334,20397,29752,32327,20876,38196,34592,25626,52448,56525,54288,5811,32847,49016,38018,35363,35502,41007,3119,53129,53493,29395,31068,44681,33255,2722,37332,27187,10,37898,59757,10786,2689,32301,16703,3662,27595,6746,6692,24646,19156,34594,19186,8463,7,4859,26536,59906,3300,31542,56893,8103,51759,35165,55744,21714,22540,23186,40025,51645,50118,18525,35603,49836,49508,15438,47302,25644,2688,57449,19621,4095,43786,17697,58792,40153,17063,47053,35795,55827,14897,8825,37955,38869,36107,4634,34975,23377,18957,42147,22373,55679,44712,10420,54650,49174,15829,13053,14248,32948,48631,4449,46376,29393,28637,32958,39375,36702,58384,38643,7312,3006,40372,36990,58284,46619,6793,32521,53306,42008,57964,27694,2391,59312,3340,43189,30907,48077,800,55774,27394,40816,49481,55583,3516,21857,12951,53677,52539,9425,54627,24182,21959,10126,49587,49384,12893,49492,27135,47076,56586,7949,59895,52140,20777,43385,35902,46886,55240,41631,28319,56696,48928,4521,59848,24603,17471,19239,5181,16406,13521,29849,31373,21593,56855,5859,32115,26092,39269,36956,12656,1400,4623,15366,14072,21118,8603,33285,40055,46841,2095,46767,14786,28725,57046,12454,20439,57702,15891,44446,54947,50359,44846,21679,24735,43279,1004,9387,38222,18374,51864,6715,7798,34534,45036,26893,54902,2151,35263,5114
